0 0 0
1 0 0
2 0 0
3 0 0
4 0 0
5 0 0
6 0 0
7 0 0
8 0 0
9 0 0
10 0 0
11 0 0
12 0 0
13 0 0
14 0 0
15 0 0
16 0 0
17 0 0
18 0 0
19 0 0
20 0 0
21 0 0
22 0 0
23 0 0
24 0 0
25 0 0
26 0 0
27 0 0
28 0 0
29 0 0
30 0 0
31 0 0
32 0 0
33 0 0
34 0 0
35 0 0
36 0 0
37 0 0
38 0 0
39 0 0
40 0 0
41 0 0
42 0 0
43 0 0
44 0 0
45 0 0
46 0 0
47 0 0
48 0 0
49 0 0
50 0 0
51 0 0
52 0 0
53 0 0
54 0 0
55 0 0
56 0 0
57 0 0
58 0 0
59 0 0
60 0 0
61 0 0
62 0 0
63 0 0
64 0 0
65 0 0
66 0 0
67 0 0
68 0 0
69 0 0
70 0 0
71 0 0
72 0 0
73 0 0
74 0 0
75 0 0
76 0 0
77 0 0
78 0 0
79 0 0
0 1 0
1 1 0
2 1 0
3 1 0
4 1 0
5 1 0
6 1 0
7 1 0
8 1 0
9 1 0
10 1 0
11 1 0
12 1 0
13 1 0
14 1 0
15 1 0
16 1 0
17 1 0
18 1 0
19 1 0
20 1 0
21 1 0
22 1 0
23 1 0
24 1 0
25 1 0
26 1 0
27 1 0
28 1 0
29 1 0
30 1 0
31 1 0
32 1 0
33 1 0
34 1 0
35 1 0
36 1 0
37 1 0
38 1 0
39 1 0
40 1 0
41 1 0
42 1 0
43 1 0
44 1 0
45 1 0
46 1 0
47 1 0
48 1 0
49 1 0
50 1 0
51 1 0
52 1 0
53 1 0
54 1 0
55 1 0
56 1 0
57 1 0
58 1 0
59 1 0
60 1 0
61 1 0
62 1 0
63 1 0
64 1 0
65 1 0
66 1 0
67 1 0
68 1 0
69 1 0
70 1 0
71 1 0
72 1 0
73 1 0
74 1 0
75 1 0
76 1 0
77 1 0
78 1 0
79 1 0
0 2 0
1 2 0
2 2 0
3 2 0
4 2 0
5 2 0
6 2 0
7 2 0
8 2 0
9 2 0
10 2 0
11 2 0
12 2 0
13 2 0
14 2 0
15 2 0
16 2 0
17 2 0
18 2 0
19 2 0
20 2 0
21 2 0
22 2 0
23 2 0
24 2 0
25 2 0
26 2 0
27 2 0
28 2 0
29 2 0
30 2 0
31 2 0
32 2 0
33 2 0
34 2 0
35 2 0
36 2 0
37 2 0
38 2 0
39 2 0
40 2 0
41 2 0
42 2 0
43 2 0
44 2 0
45 2 0
46 2 0
47 2 0
48 2 0
49 2 0
50 2 0
51 2 0
52 2 0
53 2 0
54 2 0
55 2 0
56 2 0
57 2 0
58 2 0
59 2 0
60 2 0
61 2 0
62 2 0
63 2 0
64 2 0
65 2 0
66 2 0
67 2 0
68 2 0
69 2 0
70 2 0
71 2 0
72 2 0
73 2 0
74 2 0
75 2 0
76 2 0
77 2 0
78 2 0
79 2 0
0 3 0
1 3 0
2 3 0
3 3 0
4 3 0
5 3 0
6 3 0
7 3 0
8 3 0
9 3 0
10 3 0
11 3 0
12 3 0
13 3 0
14 3 0
15 3 0
16 3 0
17 3 0
18 3 0
19 3 0
20 3 0
21 3 0
22 3 0
23 3 0
24 3 0
25 3 0
26 3 0
27 3 0
28 3 0
29 3 0
30 3 0
31 3 0
32 3 0
33 3 0
34 3 0
35 3 0
36 3 0
37 3 0
38 3 0
39 3 0
40 3 0
41 3 0
42 3 0
43 3 0
44 3 0
45 3 0
46 3 0
47 3 0
48 3 0
49 3 0
50 3 0
51 3 0
52 3 0
53 3 0
54 3 0
55 3 0
56 3 0
57 3 0
58 3 0
59 3 0
60 3 0
61 3 0
62 3 0
63 3 0
64 3 0
65 3 0
66 3 0
67 3 0
68 3 0
69 3 0
70 3 0
71 3 0
72 3 0
73 3 0
74 3 0
75 3 0
76 3 0
77 3 0
78 3 0
79 3 0
0 4 0
1 4 0
2 4 0
3 4 0
4 4 0
5 4 0
6 4 0
7 4 0
8 4 0
9 4 0
10 4 0
11 4 0
12 4 0
13 4 0
14 4 0
15 4 0
16 4 0
17 4 0
18 4 0
19 4 0
20 4 0
21 4 0
22 4 0
23 4 0
24 4 0
25 4 0
26 4 0
27 4 0
28 4 0
29 4 0
30 4 0
31 4 0
32 4 0
33 4 0
34 4 0
35 4 0
36 4 0
37 4 0
38 4 0
39 4 0
40 4 0
41 4 0
42 4 0
43 4 0
44 4 0
45 4 0
46 4 0
47 4 0
48 4 0
49 4 0
50 4 0
51 4 0
52 4 0
53 4 0
54 4 0
55 4 0
56 4 0
57 4 0
58 4 0
59 4 0
60 4 0
61 4 0
62 4 0
63 4 0
64 4 0
65 4 0
66 4 0
67 4 0
68 4 0
69 4 0
70 4 0
71 4 0
72 4 0
73 4 0
74 4 0
75 4 0
76 4 0
77 4 0
78 4 0
79 4 0
0 5 0
1 5 0
2 5 0
3 5 0
4 5 0
5 5 0
6 5 0
7 5 0
8 5 0
9 5 0
10 5 0
11 5 0
12 5 0
13 5 0
14 5 0
15 5 0
16 5 0
17 5 0
18 5 0
19 5 0
20 5 0
21 5 0
22 5 0
23 5 0
24 5 0
25 5 0
26 5 0
27 5 0
28 5 0
29 5 0
30 5 0
31 5 0
32 5 0
33 5 0
34 5 0
35 5 0
36 5 0
37 5 0
38 5 0
39 5 0
40 5 0
41 5 0
42 5 0
43 5 0
44 5 0
45 5 0
46 5 0
47 5 0
48 5 0
49 5 0
50 5 0
51 5 0
52 5 0
53 5 0
54 5 0
55 5 0
56 5 0
57 5 0
58 5 0
59 5 0
60 5 0
61 5 0
62 5 0
63 5 0
64 5 0
65 5 0
66 5 0
67 5 0
68 5 0
69 5 0
70 5 0
71 5 0
72 5 0
73 5 0
74 5 0
75 5 0
76 5 0
77 5 0
78 5 0
79 5 0
0 6 0
1 6 0
2 6 0
3 6 0
4 6 0
5 6 0
6 6 0
7 6 0
8 6 0
9 6 0
10 6 0
11 6 0
12 6 0
13 6 0
14 6 0
15 6 0
16 6 0
17 6 0
18 6 0
19 6 0
20 6 0
21 6 0
22 6 0
23 6 0
24 6 0
25 6 0
26 6 0
27 6 0
28 6 0
29 6 0
30 6 0
31 6 0
32 6 0
33 6 0
34 6 0
35 6 0
36 6 0
37 6 0
38 6 0
39 6 0
40 6 0
41 6 0
42 6 0
43 6 0
44 6 0
45 6 0
46 6 0
47 6 0
48 6 0
49 6 0
50 6 0
51 6 0
52 6 0
53 6 0
54 6 0
55 6 0
56 6 0
57 6 0
58 6 0
59 6 0
60 6 0
61 6 0
62 6 0
63 6 0
64 6 0
65 6 0
66 6 0
67 6 0
68 6 0
69 6 0
70 6 0
71 6 0
72 6 0
73 6 0
74 6 0
75 6 0
76 6 0
77 6 0
78 6 0
79 6 0
0 7 0
1 7 0
2 7 0
3 7 0
4 7 0
5 7 0
6 7 0
7 7 0
8 7 0
9 7 0
10 7 0
11 7 0
12 7 0
13 7 0
14 7 0
15 7 0
16 7 0
17 7 0
18 7 0
19 7 0
20 7 0
21 7 0
22 7 0
23 7 0
24 7 0
25 7 0
26 7 0
27 7 0
28 7 0
29 7 0
30 7 0
31 7 0
32 7 0
33 7 0
34 7 0
35 7 0
36 7 0
37 7 0
38 7 0
39 7 0
40 7 0
41 7 0
42 7 0
43 7 0
44 7 0
45 7 0
46 7 0
47 7 0
48 7 0
49 7 0
50 7 0
51 7 0
52 7 0
53 7 0
54 7 0
55 7 0
56 7 0
57 7 0
58 7 0
59 7 0
60 7 0
61 7 0
62 7 0
63 7 0
64 7 0
65 7 0
66 7 0
67 7 0
68 7 0
69 7 0
70 7 0
71 7 0
72 7 0
73 7 0
74 7 0
75 7 0
76 7 0
77 7 0
78 7 0
79 7 0
0 8 0
1 8 0
2 8 0
3 8 0
4 8 0
5 8 0
6 8 0
7 8 0
8 8 0
9 8 0
10 8 0
11 8 0
12 8 0
13 8 0
14 8 0
15 8 0
16 8 0
17 8 0
18 8 0
19 8 0
20 8 0
21 8 0
22 8 0
23 8 0
24 8 0
25 8 0
26 8 0
27 8 0
28 8 0
29 8 0
30 8 0
31 8 0
32 8 0
33 8 0
34 8 0
35 8 0
36 8 0
37 8 0
38 8 0
39 8 0
40 8 0
41 8 0
42 8 0
43 8 0
44 8 0
45 8 0
46 8 0
47 8 0
48 8 0
49 8 0
50 8 0
51 8 0
52 8 0
53 8 0
54 8 0
55 8 0
56 8 0
57 8 0
58 8 0
59 8 0
60 8 0
61 8 0
62 8 0
63 8 0
64 8 0
65 8 0
66 8 0
67 8 0
68 8 0
69 8 0
70 8 0
71 8 0
72 8 0
73 8 0
74 8 0
75 8 0
76 8 0
77 8 0
78 8 0
79 8 0
0 9 0
1 9 0
2 9 0
3 9 0
4 9 0
5 9 0
6 9 0
7 9 0
8 9 0
9 9 0
10 9 0
11 9 0
12 9 0
13 9 0
14 9 0
15 9 0
16 9 0
17 9 0
18 9 0
19 9 0
20 9 0
21 9 0
22 9 0
23 9 0
24 9 0
25 9 0
26 9 0
27 9 0
28 9 0
29 9 0
30 9 0
31 9 0
32 9 0
33 9 0
34 9 0
35 9 0
36 9 0
37 9 0
38 9 0
39 9 0
40 9 0
41 9 0
42 9 0
43 9 0
44 9 0
45 9 0
46 9 0
47 9 0
48 9 0
49 9 0
50 9 0
51 9 0
52 9 0
53 9 0
54 9 0
55 9 0
56 9 0
57 9 0
58 9 0
59 9 0
60 9 0
61 9 0
62 9 0
63 9 0
64 9 0
65 9 0
66 9 0
67 9 0
68 9 0
69 9 0
70 9 0
71 9 0
72 9 0
73 9 0
74 9 0
75 9 0
76 9 0
77 9 0
78 9 0
79 9 0
0 10 0
1 10 0
2 10 0
3 10 0
4 10 0
5 10 0
6 10 0
7 10 0
8 10 0
9 10 0
10 10 0
11 10 0
12 10 0
13 10 0
14 10 0
15 10 0
16 10 0
17 10 0
18 10 0
19 10 0
20 10 0
21 10 0
22 10 0
23 10 0
24 10 0
25 10 0
26 10 0
27 10 0
28 10 0
29 10 0
30 10 8
31 10 3584
32 10 141
33 10 0
34 10 0
35 10 0
36 10 0
37 10 0
38 10 0
39 10 0
40 10 0
41 10 0
42 10 0
43 10 0
44 10 0
45 10 0
46 10 0
47 10 0
48 10 0
49 10 0
50 10 0
51 10 0
52 10 0
53 10 0
54 10 0
55 10 0
56 10 0
57 10 0
58 10 0
59 10 0
60 10 0
61 10 0
62 10 0
63 10 0
64 10 0
65 10 0
66 10 0
67 10 0
68 10 0
69 10 0
70 10 0
71 10 0
72 10 0
73 10 0
74 10 0
75 10 0
76 10 0
77 10 0
78 10 0
79 10 0
0 11 0
1 11 0
2 11 0
3 11 0
4 11 0
5 11 0
6 11 0
7 11 0
8 11 0
9 11 0
10 11 0
11 11 0
12 11 0
13 11 0
14 11 0
15 11 0
16 11 0
17 11 0
18 11 0
19 11 0
20 11 0
21 11 0
22 11 0
23 11 0
24 11 0
25 11 0
26 11 0
27 11 0
28 11 0
29 11 2
30 11 189
31 11 3889
32 11 2152
33 11 11
34 11 0
35 11 0
36 11 0
37 11 0
38 11 0
39 11 0
40 11 0
41 11 0
42 11 0
43 11 0
44 11 0
45 11 0
46 11 0
47 11 0
48 11 0
49 11 0
50 11 0
51 11 0
52 11 0
53 11 0
54 11 0
55 11 0
56 11 0
57 11 0
58 11 0
59 11 0
60 11 0
61 11 0
62 11 0
63 11 0
64 11 0
65 11 0
66 11 0
67 11 0
68 11 0
69 11 0
70 11 0
71 11 0
72 11 0
73 11 0
74 11 0
75 11 0
76 11 0
77 11 0
78 11 0
79 11 0
0 12 0
1 12 0
2 12 0
3 12 0
4 12 0
5 12 0
6 12 0
7 12 0
8 12 0
9 12 0
10 12 0
11 12 0
12 12 0
13 12 0
14 12 0
15 12 0
16 12 0
17 12 0
18 12 0
19 12 0
20 12 0
21 12 0
22 12 0
23 12 0
24 12 0
25 12 0
26 12 0
27 12 0
28 12 0
29 12 4
30 12 380
31 12 4428
32 12 6710
33 12 978
34 12 4
35 12 0
36 12 0
37 12 0
38 12 0
39 12 0
40 12 0
41 12 0
42 12 0
43 12 0
44 12 0
45 12 0
46 12 0
47 12 0
48 12 0
49 12 0
50 12 0
51 12 0
52 12 0
53 12 0
54 12 0
55 12 0
56 12 0
57 12 0
58 12 0
59 12 0
60 12 0
61 12 0
62 12 0
63 12 0
64 12 0
65 12 0
66 12 0
67 12 0
68 12 0
69 12 0
70 12 0
71 12 0
72 12 0
73 12 0
74 12 0
75 12 0
76 12 0
77 12 0
78 12 0
79 12 0
0 13 0
1 13 0
2 13 0
3 13 0
4 13 0
5 13 0
6 13 0
7 13 0
8 13 0
9 13 0
10 13 0
11 13 0
12 13 0
13 13 0
14 13 0
15 13 0
16 13 0
17 13 0
18 13 0
19 13 0
20 13 0
21 13 0
22 13 0
23 13 0
24 13 0
25 13 0
26 13 0
27 13 0
28 13 0
29 13 2
30 13 1318
31 13 0
32 13 0
33 13 7332
34 13 651
35 13 6
36 13 0
37 13 0
38 13 0
39 13 0
40 13 0
41 13 0
42 13 0
43 13 0
44 13 0
45 13 0
46 13 0
47 13 0
48 13 0
49 13 0
50 13 0
51 13 0
52 13 0
53 13 0
54 13 0
55 13 0
56 13 0
57 13 0
58 13 0
59 13 0
60 13 0
61 13 0
62 13 0
63 13 0
64 13 0
65 13 0
66 13 0
67 13 0
68 13 0
69 13 0
70 13 0
71 13 0
72 13 0
73 13 0
74 13 0
75 13 0
76 13 0
77 13 0
78 13 0
79 13 0
0 14 0
1 14 0
2 14 0
3 14 0
4 14 0
5 14 0
6 14 0
7 14 0
8 14 0
9 14 0
10 14 0
11 14 0
12 14 0
13 14 0
14 14 0
15 14 0
16 14 0
17 14 0
18 14 0
19 14 0
20 14 0
21 14 0
22 14 0
23 14 0
24 14 0
25 14 0
26 14 0
27 14 0
28 14 0
29 14 26
30 14 1437
31 14 0
32 14 0
33 14 0
34 14 7289
35 14 544
36 14 1
37 14 0
38 14 0
39 14 0
40 14 0
41 14 0
42 14 0
43 14 0
44 14 0
45 14 0
46 14 0
47 14 0
48 14 0
49 14 0
50 14 0
51 14 0
52 14 0
53 14 0
54 14 0
55 14 0
56 14 0
57 14 0
58 14 0
59 14 0
60 14 0
61 14 0
62 14 0
63 14 0
64 14 0
65 14 0
66 14 0
67 14 0
68 14 0
69 14 0
70 14 0
71 14 0
72 14 0
73 14 0
74 14 0
75 14 0
76 14 0
77 14 0
78 14 0
79 14 0
0 15 0
1 15 0
2 15 0
3 15 0
4 15 0
5 15 0
6 15 0
7 15 0
8 15 0
9 15 0
10 15 0
11 15 0
12 15 0
13 15 0
14 15 0
15 15 0
16 15 0
17 15 0
18 15 0
19 15 0
20 15 0
21 15 0
22 15 0
23 15 0
24 15 0
25 15 0
26 15 0
27 15 0
28 15 0
29 15 85
30 15 1658
31 15 0
32 15 0
33 15 0
34 15 0
35 15 7533
36 15 374
37 15 0
38 15 0
39 15 0
40 15 0
41 15 0
42 15 0
43 15 0
44 15 0
45 15 0
46 15 0
47 15 0
48 15 0
49 15 0
50 15 0
51 15 0
52 15 0
53 15 0
54 15 0
55 15 0
56 15 0
57 15 0
58 15 0
59 15 0
60 15 0
61 15 0
62 15 0
63 15 0
64 15 0
65 15 0
66 15 0
67 15 0
68 15 0
69 15 0
70 15 0
71 15 0
72 15 0
73 15 0
74 15 0
75 15 0
76 15 0
77 15 0
78 15 0
79 15 0
0 16 0
1 16 0
2 16 0
3 16 0
4 16 0
5 16 0
6 16 0
7 16 0
8 16 0
9 16 0
10 16 0
11 16 0
12 16 0
13 16 0
14 16 0
15 16 0
16 16 0
17 16 0
18 16 0
19 16 0
20 16 0
21 16 0
22 16 0
23 16 0
24 16 0
25 16 0
26 16 0
27 16 0
28 16 0
29 16 250
30 16 9499
31 16 0
32 16 0
33 16 0
34 16 0
35 16 0
36 16 8091
37 16 194
38 16 0
39 16 0
40 16 0
41 16 0
42 16 0
43 16 0
44 16 0
45 16 0
46 16 0
47 16 0
48 16 0
49 16 0
50 16 0
51 16 0
52 16 0
53 16 0
54 16 0
55 16 0
56 16 0
57 16 0
58 16 0
59 16 0
60 16 0
61 16 0
62 16 0
63 16 0
64 16 0
65 16 0
66 16 0
67 16 0
68 16 0
69 16 0
70 16 0
71 16 0
72 16 0
73 16 0
74 16 0
75 16 0
76 16 0
77 16 0
78 16 0
79 16 0
0 17 0
1 17 0
2 17 0
3 17 0
4 17 0
5 17 0
6 17 0
7 17 0
8 17 0
9 17 0
10 17 0
11 17 0
12 17 0
13 17 0
14 17 0
15 17 0
16 17 0
17 17 0
18 17 0
19 17 0
20 17 0
21 17 0
22 17 0
23 17 0
24 17 0
25 17 0
26 17 0
27 17 0
28 17 13
29 17 1545
30 17 0
31 17 0
32 17 0
33 17 0
34 17 0
35 17 0
36 17 0
37 17 5498
38 17 79
39 17 0
40 17 0
41 17 0
42 17 0
43 17 0
44 17 0
45 17 0
46 17 0
47 17 0
48 17 0
49 17 0
50 17 0
51 17 0
52 17 0
53 17 0
54 17 0
55 17 0
56 17 0
57 17 0
58 17 0
59 17 0
60 17 0
61 17 0
62 17 0
63 17 0
64 17 0
65 17 0
66 17 0
67 17 0
68 17 0
69 17 0
70 17 0
71 17 0
72 17 0
73 17 0
74 17 0
75 17 0
76 17 0
77 17 0
78 17 0
79 17 0
0 18 0
1 18 0
2 18 0
3 18 0
4 18 0
5 18 0
6 18 0
7 18 0
8 18 0
9 18 0
10 18 0
11 18 0
12 18 0
13 18 0
14 18 0
15 18 0
16 18 0
17 18 0
18 18 0
19 18 0
20 18 0
21 18 0
22 18 0
23 18 0
24 18 0
25 18 0
26 18 0
27 18 0
28 18 65
29 18 1730
30 18 0
31 18 0
32 18 0
33 18 0
34 18 0
35 18 0
36 18 0
37 18 5262
38 18 1025
39 18 50
40 18 0
41 18 0
42 18 0
43 18 0
44 18 0
45 18 0
46 18 0
47 18 0
48 18 0
49 18 0
50 18 0
51 18 0
52 18 0
53 18 0
54 18 0
55 18 0
56 18 0
57 18 0
58 18 0
59 18 0
60 18 0
61 18 0
62 18 0
63 18 0
64 18 0
65 18 0
66 18 0
67 18 0
68 18 0
69 18 0
70 18 0
71 18 0
72 18 0
73 18 0
74 18 0
75 18 0
76 18 0
77 18 0
78 18 0
79 18 0
0 19 0
1 19 0
2 19 0
3 19 0
4 19 0
5 19 0
6 19 0
7 19 0
8 19 0
9 19 0
10 19 0
11 19 0
12 19 0
13 19 0
14 19 0
15 19 0
16 19 0
17 19 0
18 19 0
19 19 0
20 19 0
21 19 0
22 19 0
23 19 0
24 19 0
25 19 0
26 19 0
27 19 0
28 19 153
29 19 1782
30 19 0
31 19 0
32 19 0
33 19 0
34 19 0
35 19 0
36 19 31104
37 19 1412
38 19 2183
39 19 718
40 19 34
41 19 0
42 19 0
43 19 0
44 19 0
45 19 0
46 19 0
47 19 0
48 19 0
49 19 0
50 19 0
51 19 0
52 19 0
53 19 0
54 19 0
55 19 0
56 19 0
57 19 0
58 19 0
59 19 0
60 19 0
61 19 0
62 19 0
63 19 0
64 19 0
65 19 0
66 19 0
67 19 0
68 19 0
69 19 0
70 19 0
71 19 0
72 19 0
73 19 0
74 19 0
75 19 0
76 19 0
77 19 0
78 19 0
79 19 0
0 20 0
1 20 0
2 20 0
3 20 0
4 20 0
5 20 0
6 20 0
7 20 0
8 20 0
9 20 0
10 20 0
11 20 0
12 20 0
13 20 0
14 20 0
15 20 0
16 20 0
17 20 0
18 20 0
19 20 0
20 20 0
21 20 0
22 20 0
23 20 0
24 20 0
25 20 0
26 20 0
27 20 4
28 20 263
29 20 1585
30 20 0
31 20 0
32 20 0
33 20 0
34 20 48594
35 20 6623
36 20 405
37 20 782
38 20 1687
39 20 1928
40 20 653
41 20 22
42 20 0
43 20 0
44 20 0
45 20 0
46 20 0
47 20 0
48 20 0
49 20 0
50 20 0
51 20 0
52 20 0
53 20 0
54 20 0
55 20 0
56 20 0
57 20 0
58 20 0
59 20 0
60 20 0
61 20 0
62 20 0
63 20 0
64 20 0
65 20 0
66 20 0
67 20 0
68 20 0
69 20 0
70 20 0
71 20 0
72 20 0
73 20 0
74 20 0
75 20 0
76 20 0
77 20 0
78 20 0
79 20 0
0 21 0
1 21 0
2 21 0
3 21 0
4 21 0
5 21 0
6 21 0
7 21 0
8 21 0
9 21 0
10 21 0
11 21 0
12 21 0
13 21 0
14 21 0
15 21 0
16 21 0
17 21 0
18 21 0
19 21 0
20 21 0
21 21 0
22 21 0
23 21 0
24 21 0
25 21 0
26 21 0
27 21 55
28 21 364
29 21 1176
30 21 0
31 21 0
32 21 2493
33 21 961
34 21 199
35 21 252
36 21 329
37 21 468
38 21 978
39 21 1851
40 21 1681
41 21 628
42 21 22
43 21 0
44 21 0
45 21 0
46 21 0
47 21 0
48 21 0
49 21 0
50 21 0
51 21 0
52 21 0
53 21 0
54 21 0
55 21 0
56 21 0
57 21 0
58 21 0
59 21 0
60 21 0
61 21 0
62 21 0
63 21 0
64 21 0
65 21 0
66 21 0
67 21 0
68 21 0
69 21 0
70 21 0
71 21 0
72 21 0
73 21 0
74 21 0
75 21 0
76 21 0
77 21 0
78 21 0
79 21 0
0 22 0
1 22 0
2 22 0
3 22 0
4 22 0
5 22 0
6 22 0
7 22 0
8 22 0
9 22 0
10 22 0
11 22 0
12 22 0
13 22 0
14 22 0
15 22 0
16 22 0
17 22 0
18 22 0
19 22 0
20 22 0
21 22 0
22 22 0
23 22 0
24 22 0
25 22 0
26 22 0
27 22 186
28 22 368
29 22 428
30 22 622
31 22 527
32 22 242
33 22 222
34 22 213
35 22 234
36 22 253
37 22 311
38 22 515
39 22 1186
40 22 1850
41 22 1665
42 22 681
43 22 23
44 22 0
45 22 0
46 22 0
47 22 0
48 22 0
49 22 0
50 22 0
51 22 0
52 22 0
53 22 0
54 22 0
55 22 0
56 22 0
57 22 0
58 22 0
59 22 0
60 22 0
61 22 0
62 22 0
63 22 0
64 22 0
65 22 0
66 22 0
67 22 0
68 22 0
69 22 0
70 22 0
71 22 0
72 22 0
73 22 0
74 22 0
75 22 0
76 22 0
77 22 0
78 22 0
79 22 0
0 23 0
1 23 0
2 23 0
3 23 0
4 23 0
5 23 0
6 23 0
7 23 0
8 23 0
9 23 0
10 23 0
11 23 0
12 23 0
13 23 0
14 23 0
15 23 0
16 23 0
17 23 0
18 23 0
19 23 0
20 23 0
21 23 0
22 23 0
23 23 0
24 23 0
25 23 0
26 23 19
27 23 319
28 23 287
29 23 291
30 23 213
31 23 168
32 23 144
33 23 148
34 23 161
35 23 201
36 23 252
37 23 347
38 23 402
39 23 569
40 23 1135
41 23 1680
42 23 1671
43 23 763
44 23 17
45 23 0
46 23 0
47 23 0
48 23 0
49 23 0
50 23 0
51 23 0
52 23 0
53 23 0
54 23 0
55 23 0
56 23 0
57 23 0
58 23 0
59 23 0
60 23 0
61 23 0
62 23 0
63 23 0
64 23 0
65 23 0
66 23 0
67 23 0
68 23 0
69 23 0
70 23 0
71 23 0
72 23 0
73 23 0
74 23 0
75 23 0
76 23 0
77 23 0
78 23 0
79 23 0
0 24 0
1 24 0
2 24 0
3 24 0
4 24 0
5 24 0
6 24 0
7 24 0
8 24 0
9 24 0
10 24 0
11 24 0
12 24 0
13 24 0
14 24 0
15 24 0
16 24 0
17 24 0
18 24 0
19 24 0
20 24 0
21 24 0
22 24 0
23 24 0
24 24 0
25 24 0
26 24 121
27 24 366
28 24 266
29 24 217
30 24 126
31 24 119
32 24 96
33 24 92
34 24 105
35 24 123
36 24 146
37 24 273
38 24 336
39 24 416
40 24 565
41 24 1159
42 24 1598
43 24 1719
44 24 774
45 24 20
46 24 0
47 24 0
48 24 0
49 24 0
50 24 0
51 24 0
52 24 0
53 24 0
54 24 0
55 24 0
56 24 0
57 24 0
58 24 0
59 24 0
60 24 0
61 24 0
62 24 0
63 24 0
64 24 0
65 24 0
66 24 0
67 24 0
68 24 0
69 24 0
70 24 0
71 24 0
72 24 0
73 24 0
74 24 0
75 24 0
76 24 0
77 24 0
78 24 0
79 24 0
0 25 0
1 25 0
2 25 0
3 25 0
4 25 0
5 25 0
6 25 0
7 25 0
8 25 0
9 25 0
10 25 0
11 25 0
12 25 0
13 25 0
14 25 0
15 25 0
16 25 0
17 25 0
18 25 0
19 25 0
20 25 0
21 25 0
22 25 0
23 25 0
24 25 0
25 25 0
26 25 272
27 25 313
28 25 267
29 25 186
30 25 124
31 25 92
32 25 57
33 25 31
34 25 43
35 25 58
36 25 73
37 25 201
38 25 294
39 25 320
40 25 335
41 25 594
42 25 1207
43 25 1622
44 25 1894
45 25 704
46 25 10
47 25 0
48 25 0
49 25 0
50 25 0
51 25 0
52 25 0
53 25 0
54 25 0
55 25 0
56 25 0
57 25 0
58 25 0
59 25 0
60 25 0
61 25 0
62 25 0
63 25 0
64 25 0
65 25 0
66 25 0
67 25 0
68 25 0
69 25 0
70 25 0
71 25 0
72 25 0
73 25 0
74 25 0
75 25 0
76 25 0
77 25 0
78 25 0
79 25 0
0 26 0
1 26 0
2 26 0
3 26 0
4 26 0
5 26 0
6 26 0
7 26 0
8 26 0
9 26 0
10 26 0
11 26 0
12 26 0
13 26 0
14 26 0
15 26 0
16 26 0
17 26 0
18 26 0
19 26 0
20 26 0
21 26 0
22 26 0
23 26 0
24 26 0
25 26 40
26 26 374
27 26 296
28 26 208
29 26 144
30 26 112
31 26 65
32 26 33
33 26 32
34 26 48
35 26 45
36 26 66
37 26 113
38 26 275
39 26 340
40 26 291
41 26 326
42 26 590
43 26 1622
44 26 2858
45 26 2181
46 26 538
47 26 3
48 26 0
49 26 0
50 26 0
51 26 0
52 26 0
53 26 0
54 26 0
55 26 0
56 26 0
57 26 0
58 26 0
59 26 0
60 26 0
61 26 0
62 26 0
63 26 0
64 26 0
65 26 0
66 26 0
67 26 0
68 26 0
69 26 0
70 26 0
71 26 0
72 26 0
73 26 0
74 26 0
75 26 0
76 26 0
77 26 0
78 26 0
79 26 0
0 27 0
1 27 0
2 27 0
3 27 0
4 27 0
5 27 0
6 27 0
7 27 0
8 27 0
9 27 0
10 27 0
11 27 0
12 27 0
13 27 0
14 27 0
15 27 0
16 27 0
17 27 0
18 27 0
19 27 0
20 27 0
21 27 0
22 27 0
23 27 0
24 27 0
25 27 199
26 27 364
27 27 217
28 27 210
29 27 141
30 27 76
31 27 61
32 27 39
33 27 32
34 27 39
35 27 48
36 27 64
37 27 140
38 27 295
39 27 309
40 27 185
41 27 146
42 27 1728
43 27 0
44 27 0
45 27 3933
46 27 2484
47 27 285
48 27 0
49 27 0
50 27 0
51 27 0
52 27 0
53 27 0
54 27 0
55 27 0
56 27 0
57 27 0
58 27 0
59 27 0
60 27 0
61 27 0
62 27 0
63 27 0
64 27 0
65 27 0
66 27 0
67 27 0
68 27 0
69 27 0
70 27 0
71 27 0
72 27 0
73 27 0
74 27 0
75 27 0
76 27 0
77 27 0
78 27 0
79 27 0
0 28 0
1 28 0
2 28 0
3 28 0
4 28 0
5 28 0
6 28 0
7 28 0
8 28 0
9 28 0
10 28 0
11 28 0
12 28 0
13 28 0
14 28 0
15 28 0
16 28 0
17 28 0
18 28 0
19 28 0
20 28 0
21 28 0
22 28 0
23 28 0
24 28 6
25 28 415
26 28 284
27 28 173
28 28 193
29 28 137
30 28 95
31 28 33
32 28 27
33 28 40
34 28 48
35 28 49
36 28 64
37 28 145
38 28 277
39 28 263
40 28 93
41 28 239
42 28 0
43 28 0
44 28 0
45 28 0
46 28 4201
47 28 2356
48 28 137
49 28 0
50 28 0
51 28 0
52 28 0
53 28 0
54 28 0
55 28 0
56 28 0
57 28 0
58 28 0
59 28 0
60 28 0
61 28 0
62 28 0
63 28 0
64 28 0
65 28 0
66 28 0
67 28 0
68 28 0
69 28 0
70 28 0
71 28 0
72 28 0
73 28 0
74 28 0
75 28 0
76 28 0
77 28 0
78 28 0
79 28 0
0 29 0
1 29 0
2 29 0
3 29 0
4 29 0
5 29 0
6 29 0
7 29 0
8 29 0
9 29 0
10 29 0
11 29 0
12 29 0
13 29 0
14 29 0
15 29 0
16 29 0
17 29 0
18 29 0
19 29 0
20 29 0
21 29 0
22 29 0
23 29 0
24 29 129
25 29 481
26 29 222
27 29 142
28 29 169
29 29 132
30 29 61
31 29 32
32 29 36
33 29 36
34 29 18
35 29 16
36 29 52
37 29 109
38 29 315
39 29 209
40 29 153
41 29 0
42 29 0
43 29 0
44 29 0
45 29 0
46 29 0
47 29 5043
48 29 2019
49 29 125
50 29 1
51 29 0
52 29 0
53 29 0
54 29 0
55 29 0
56 29 0
57 29 0
58 29 0
59 29 0
60 29 0
61 29 0
62 29 0
63 29 0
64 29 0
65 29 0
66 29 0
67 29 0
68 29 0
69 29 0
70 29 0
71 29 0
72 29 0
73 29 0
74 29 0
75 29 0
76 29 0
77 29 0
78 29 0
79 29 0
0 30 0
1 30 0
2 30 0
3 30 0
4 30 0
5 30 0
6 30 0
7 30 0
8 30 0
9 30 0
10 30 0
11 30 0
12 30 0
13 30 0
14 30 0
15 30 0
16 30 0
17 30 0
18 30 0
19 30 0
20 30 0
21 30 0
22 30 0
23 30 1
24 30 336
25 30 402
26 30 171
27 30 94
28 30 125
29 30 117
30 30 89
31 30 19
32 30 18
33 30 13
34 30 9
35 30 16
36 30 54
37 30 146
38 30 396
39 30 440
40 30 0
41 30 0
42 30 0
43 30 0
44 30 0
45 30 0
46 30 0
47 30 0
48 30 6544
49 30 1706
50 30 277
51 30 18
52 30 0
53 30 0
54 30 0
55 30 0
56 30 0
57 30 0
58 30 0
59 30 0
60 30 0
61 30 0
62 30 0
63 30 0
64 30 0
65 30 0
66 30 0
67 30 0
68 30 0
69 30 0
70 30 0
71 30 0
72 30 0
73 30 0
74 30 0
75 30 0
76 30 0
77 30 0
78 30 0
79 30 0
0 31 0
1 31 0
2 31 0
3 31 0
4 31 0
5 31 0
6 31 0
7 31 0
8 31 0
9 31 0
10 31 0
11 31 0
12 31 0
13 31 0
14 31 0
15 31 0
16 31 0
17 31 0
18 31 0
19 31 0
20 31 0
21 31 0
22 31 0
23 31 50
24 31 534
25 31 492
26 31 164
27 31 42
28 31 81
29 31 109
30 31 96
31 31 9
32 31 7
33 31 11
34 31 9
35 31 19
36 31 64
37 31 204
38 31 748
39 31 0
40 31 0
41 31 0
42 31 0
43 31 0
44 31 0
45 31 0
46 31 0
47 31 0
48 31 0
49 31 4789
50 31 1530
51 31 2193
52 31 26
53 31 0
54 31 0
55 31 0
56 31 0
57 31 0
58 31 0
59 31 0
60 31 0
61 31 0
62 31 0
63 31 0
64 31 0
65 31 0
66 31 0
67 31 0
68 31 0
69 31 0
70 31 0
71 31 0
72 31 0
73 31 0
74 31 0
75 31 0
76 31 0
77 31 0
78 31 0
79 31 0
0 32 0
1 32 0
2 32 0
3 32 0
4 32 0
5 32 0
6 32 0
7 32 0
8 32 0
9 32 0
10 32 0
11 32 0
12 32 0
13 32 0
14 32 0
15 32 0
16 32 0
17 32 0
18 32 0
19 32 0
20 32 0
21 32 0
22 32 0
23 32 220
24 32 1038
25 32 0
26 32 0
27 32 1270
28 32 169
29 32 111
30 32 109
31 32 53
32 32 13
33 32 11
34 32 27
35 32 32
36 32 44
37 32 657
38 32 0
39 32 0
40 32 0
41 32 0
42 32 0
43 32 0
44 32 0
45 32 0
46 32 0
47 32 0
48 32 0
49 32 3022
50 32 5347
51 32 2031
52 32 883
53 32 0
54 32 0
55 32 0
56 32 0
57 32 0
58 32 0
59 32 0
60 32 0
61 32 0
62 32 0
63 32 0
64 32 0
65 32 0
66 32 0
67 32 0
68 32 0
69 32 0
70 32 0
71 32 0
72 32 0
73 32 0
74 32 0
75 32 0
76 32 0
77 32 0
78 32 0
79 32 0
0 33 0
1 33 0
2 33 0
3 33 0
4 33 0
5 33 0
6 33 0
7 33 0
8 33 0
9 33 0
10 33 0
11 33 0
12 33 0
13 33 0
14 33 0
15 33 0
16 33 0
17 33 0
18 33 0
19 33 0
20 33 0
21 33 0
22 33 25
23 33 559
24 33 3148
25 33 0
26 33 0
27 33 0
28 33 0
29 33 325
30 33 119
31 33 80
32 33 26
33 33 6
34 33 19
35 33 31
36 33 77
37 33 673
38 33 0
39 33 0
40 33 0
41 33 0
42 33 0
43 33 0
44 33 0
45 33 0
46 33 0
47 33 0
48 33 1692
49 33 5359
50 33 0
51 33 7064
52 33 2434
53 33 305
54 33 0
55 33 0
56 33 0
57 33 0
58 33 0
59 33 0
60 33 0
61 33 0
62 33 0
63 33 0
64 33 0
65 33 0
66 33 0
67 33 0
68 33 0
69 33 0
70 33 0
71 33 0
72 33 0
73 33 0
74 33 0
75 33 0
76 33 0
77 33 0
78 33 0
79 33 0
0 34 0
1 34 0
2 34 0
3 34 0
4 34 0
5 34 0
6 34 0
7 34 0
8 34 0
9 34 0
10 34 0
11 34 0
12 34 0
13 34 0
14 34 0
15 34 0
16 34 0
17 34 0
18 34 0
19 34 0
20 34 0
21 34 0
22 34 213
23 34 1453
24 34 0
25 34 0
26 34 0
27 34 0
28 34 0
29 34 0
30 34 294
31 34 106
32 34 70
33 34 29
34 34 16
35 34 35
36 34 131
37 34 212
38 34 2281
39 34 0
40 34 0
41 34 0
42 34 0
43 34 0
44 34 0
45 34 0
46 34 0
47 34 1355
48 34 1028
49 34 0
50 34 0
51 34 0
52 34 7355
53 34 2165
54 34 68
55 34 0
56 34 0
57 34 0
58 34 0
59 34 0
60 34 0
61 34 0
62 34 0
63 34 0
64 34 0
65 34 0
66 34 0
67 34 0
68 34 0
69 34 0
70 34 0
71 34 0
72 34 0
73 34 0
74 34 0
75 34 0
76 34 0
77 34 0
78 34 0
79 34 0
0 35 0
1 35 0
2 35 0
3 35 0
4 35 0
5 35 0
6 35 0
7 35 0
8 35 0
9 35 0
10 35 0
11 35 0
12 35 0
13 35 0
14 35 0
15 35 0
16 35 0
17 35 0
18 35 0
19 35 0
20 35 0
21 35 104
22 35 715
23 35 7919
24 35 0
25 35 0
26 35 0
27 35 0
28 35 0
29 35 0
30 35 0
31 35 226
32 35 109
33 35 78
34 35 31
35 35 75
36 35 149
37 35 176
38 35 143
39 35 1620
40 35 0
41 35 0
42 35 0
43 35 0
44 35 0
45 35 0
46 35 1407
47 35 698
48 35 0
49 35 0
50 35 0
51 35 0
52 35 0
53 35 6425
54 35 1500
55 35 5
56 35 0
57 35 0
58 35 0
59 35 0
60 35 0
61 35 0
62 35 0
63 35 0
64 35 0
65 35 0
66 35 0
67 35 0
68 35 0
69 35 0
70 35 0
71 35 0
72 35 0
73 35 0
74 35 0
75 35 0
76 35 0
77 35 0
78 35 0
79 35 0
0 36 0
1 36 0
2 36 0
3 36 0
4 36 0
5 36 0
6 36 0
7 36 0
8 36 0
9 36 0
10 36 0
11 36 0
12 36 0
13 36 0
14 36 0
15 36 0
16 36 0
17 36 0
18 36 0
19 36 0
20 36 0
21 36 1890
22 36 1784
23 36 0
24 36 0
25 36 0
26 36 0
27 36 0
28 36 0
29 36 0
30 36 985
31 36 75
32 36 96
33 36 127
34 36 106
35 36 93
36 36 123
37 36 174
38 36 117
39 36 126
40 36 1003
41 36 0
42 36 0
43 36 0
44 36 0
45 36 1311
46 36 671
47 36 0
48 36 0
49 36 0
50 36 0
51 36 0
52 36 0
53 36 5067
54 36 4655
55 36 907
56 36 0
57 36 0
58 36 0
59 36 0
60 36 0
61 36 0
62 36 0
63 36 0
64 36 0
65 36 0
66 36 0
67 36 0
68 36 0
69 36 0
70 36 0
71 36 0
72 36 0
73 36 0
74 36 0
75 36 0
76 36 0
77 36 0
78 36 0
79 36 0
0 37 0
1 37 0
2 37 0
3 37 0
4 37 0
5 37 0
6 37 0
7 37 0
8 37 0
9 37 0
10 37 0
11 37 0
12 37 0
13 37 0
14 37 0
15 37 0
16 37 0
17 37 0
18 37 0
19 37 0
20 37 39
21 37 802
22 37 1978
23 37 2734
24 37 0
25 37 0
26 37 0
27 37 0
28 37 0
29 37 0
30 37 135
31 37 41
32 37 70
33 37 145
34 37 166
35 37 130
36 37 136
37 37 162
38 37 137
39 37 118
40 37 128
41 37 1130
42 37 0
43 37 0
44 37 1280
45 37 648
46 37 0
47 37 0
48 37 0
49 37 0
50 37 0
51 37 0
52 37 0
53 37 0
54 37 4580
55 37 4601
56 37 608
57 37 0
58 37 0
59 37 0
60 37 0
61 37 0
62 37 0
63 37 0
64 37 0
65 37 0
66 37 0
67 37 0
68 37 0
69 37 0
70 37 0
71 37 0
72 37 0
73 37 0
74 37 0
75 37 0
76 37 0
77 37 0
78 37 0
79 37 0
0 38 0
1 38 0
2 38 0
3 38 0
4 38 0
5 38 0
6 38 0
7 38 0
8 38 0
9 38 0
10 38 0
11 38 0
12 38 0
13 38 0
14 38 0
15 38 0
16 38 0
17 38 0
18 38 0
19 38 0
20 38 198
21 38 1075
22 38 0
23 38 3830
24 38 2294
25 38 1570
26 38 0
27 38 0
28 38 0
29 38 7521
30 38 58
31 38 75
32 38 79
33 38 112
34 38 161
35 38 186
36 38 174
37 38 172
38 38 178
39 38 203
40 38 283
41 38 284
42 38 634
43 38 1050
44 38 588
45 38 0
46 38 0
47 38 0
48 38 0
49 38 0
50 38 0
51 38 0
52 38 0
53 38 0
54 38 0
55 38 4335
56 38 4208
57 38 451
58 38 0
59 38 0
60 38 0
61 38 0
62 38 0
63 38 0
64 38 0
65 38 0
66 38 0
67 38 0
68 38 0
69 38 0
70 38 0
71 38 0
72 38 0
73 38 0
74 38 0
75 38 0
76 38 0
77 38 0
78 38 0
79 38 0
0 39 0
1 39 0
2 39 0
3 39 0
4 39 0
5 39 0
6 39 0
7 39 0
8 39 0
9 39 0
10 39 0
11 39 0
12 39 0
13 39 0
14 39 0
15 39 0
16 39 0
17 39 0
18 39 0
19 39 13
20 39 536
21 39 1331
22 39 0
23 39 0
24 39 0
25 39 1875
26 39 2167
27 39 1317
28 39 0
29 39 1183
30 39 81
31 39 82
32 39 108
33 39 138
34 39 115
35 39 170
36 39 227
37 39 287
38 39 332
39 39 421
40 39 549
41 39 505
42 39 529
43 39 364
44 39 168
45 39 0
46 39 0
47 39 0
48 39 0
49 39 0
50 39 0
51 39 0
52 39 0
53 39 0
54 39 0
55 39 0
56 39 3486
57 39 3598
58 39 246
59 39 0
60 39 0
61 39 0
62 39 0
63 39 0
64 39 0
65 39 0
66 39 0
67 39 0
68 39 0
69 39 0
70 39 0
71 39 0
72 39 0
73 39 0
74 39 0
75 39 0
76 39 0
77 39 0
78 39 0
79 39 0
0 40 0
1 40 0
2 40 0
3 40 0
4 40 0
5 40 0
6 40 0
7 40 0
8 40 0
9 40 0
10 40 0
11 40 0
12 40 0
13 40 0
14 40 0
15 40 0
16 40 0
17 40 0
18 40 0
19 40 181
20 40 1013
21 40 0
22 40 0
23 40 0
24 40 0
25 40 0
26 40 0
27 40 1548
28 40 2132
29 40 730
30 40 433
31 40 322
32 40 256
33 40 257
34 40 332
35 40 1763
36 40 2096
37 40 1981
38 40 973
39 40 849
40 40 692
41 40 476
42 40 398
43 40 115
44 40 23
45 40 1687
46 40 0
47 40 0
48 40 0
49 40 0
50 40 0
51 40 0
52 40 0
53 40 0
54 40 0
55 40 0
56 40 1465
57 40 3027
58 40 2987
59 40 135
60 40 0
61 40 0
62 40 0
63 40 0
64 40 0
65 40 0
66 40 0
67 40 0
68 40 0
69 40 0
70 40 0
71 40 0
72 40 0
73 40 0
74 40 0
75 40 0
76 40 0
77 40 0
78 40 0
79 40 0
0 41 0
1 41 0
2 41 0
3 41 0
4 41 0
5 41 0
6 41 0
7 41 0
8 41 0
9 41 0
10 41 0
11 41 0
12 41 0
13 41 0
14 41 0
15 41 0
16 41 0
17 41 0
18 41 18
19 41 617
20 41 1066
21 41 0
22 41 0
23 41 0
24 41 0
25 41 0
26 41 0
27 41 0
28 41 0
29 41 1616
30 41 950
31 41 760
32 41 678
33 41 793
34 41 8968
35 41 0
36 41 0
37 41 0
38 41 6271
39 41 1531
40 41 945
41 41 465
42 41 192
43 41 48
44 41 14
45 41 34
46 41 600
47 41 0
48 41 0
49 41 0
50 41 0
51 41 0
52 41 0
53 41 0
54 41 0
55 41 1100
56 41 494
57 41 1448
58 41 3193
59 41 2543
60 41 57
61 41 0
62 41 0
63 41 0
64 41 0
65 41 0
66 41 0
67 41 0
68 41 0
69 41 0
70 41 0
71 41 0
72 41 0
73 41 0
74 41 0
75 41 0
76 41 0
77 41 0
78 41 0
79 41 0
0 42 0
1 42 0
2 42 0
3 42 0
4 42 0
5 42 0
6 42 0
7 42 0
8 42 0
9 42 0
10 42 0
11 42 0
12 42 0
13 42 0
14 42 0
15 42 0
16 42 0
17 42 0
18 42 288
19 42 917
20 42 0
21 42 0
22 42 0
23 42 0
24 42 0
25 42 0
26 42 0
27 42 0
28 42 35693
29 42 480
30 42 709
31 42 850
32 42 846
33 42 5361
34 42 0
35 42 0
36 42 0
37 42 0
38 42 0
39 42 5825
40 42 1387
41 42 511
42 42 124
43 42 46
44 42 27
45 42 38
46 42 22
47 42 424
48 42 0
49 42 0
50 42 0
51 42 0
52 42 0
53 42 0
54 42 343
55 42 76
56 42 196
57 42 602
58 42 1579
59 42 3607
60 42 2038
61 42 20
62 42 0
63 42 0
64 42 0
65 42 0
66 42 0
67 42 0
68 42 0
69 42 0
70 42 0
71 42 0
72 42 0
73 42 0
74 42 0
75 42 0
76 42 0
77 42 0
78 42 0
79 42 0
0 43 0
1 43 0
2 43 0
3 43 0
4 43 0
5 43 0
6 43 0
7 43 0
8 43 0
9 43 0
10 43 0
11 43 0
12 43 0
13 43 0
14 43 0
15 43 0
16 43 0
17 43 111
18 43 714
19 43 322
20 43 1289
21 43 0
22 43 0
23 43 0
24 43 0
25 43 0
26 43 0
27 43 0
28 43 2178
29 43 258
30 43 407
31 43 554
32 43 1032
33 43 0
34 43 0
35 43 0
36 43 0
37 43 0
38 43 0
39 43 0
40 43 2186
41 43 549
42 43 132
43 43 68
44 43 29
45 43 39
46 43 16
47 43 5
48 43 425
49 43 0
50 43 0
51 43 0
52 43 0
53 43 195
54 43 95
55 43 113
56 43 147
57 43 211
58 43 593
59 43 1693
60 43 4119
61 43 1451
62 43 0
63 43 0
64 43 0
65 43 0
66 43 0
67 43 0
68 43 0
69 43 0
70 43 0
71 43 0
72 43 0
73 43 0
74 43 0
75 43 0
76 43 0
77 43 0
78 43 0
79 43 0
0 44 0
1 44 0
2 44 0
3 44 0
4 44 0
5 44 0
6 44 0
7 44 0
8 44 0
9 44 0
10 44 0
11 44 0
12 44 0
13 44 0
14 44 0
15 44 0
16 44 27
17 44 568
18 44 432
19 44 96
20 44 55
21 44 1221
22 44 0
23 44 0
24 44 0
25 44 0
26 44 0
27 44 4753
28 44 55
29 44 67
30 44 156
31 44 346
32 44 1007
33 44 0
34 44 0
35 44 0
36 44 0
37 44 0
38 44 0
39 44 0
40 44 2034
41 44 527
42 44 195
43 44 76
44 44 55
45 44 37
46 44 22
47 44 6
48 44 13
49 44 669
50 44 0
51 44 0
52 44 209
53 44 101
54 44 124
55 44 89
56 44 67
57 44 92
58 44 201
59 44 562
60 44 1854
61 44 4465
62 44 1042
63 44 0
64 44 0
65 44 0
66 44 0
67 44 0
68 44 0
69 44 0
70 44 0
71 44 0
72 44 0
73 44 0
74 44 0
75 44 0
76 44 0
77 44 0
78 44 0
79 44 0
0 45 0
1 45 0
2 45 0
3 45 0
4 45 0
5 45 0
6 45 0
7 45 0
8 45 0
9 45 0
10 45 0
11 45 0
12 45 0
13 45 0
14 45 0
15 45 6
16 45 433
17 45 549
18 45 143
19 45 48
20 45 35
21 45 17
22 45 497
23 45 0
24 45 0
25 45 0
26 45 3295
27 45 72
28 45 62
29 45 74
30 45 59
31 45 111
32 45 1155
33 45 0
34 45 0
35 45 0
36 45 0
37 45 0
38 45 0
39 45 0
40 45 1554
41 45 602
42 45 274
43 45 102
44 45 75
45 45 45
46 45 19
47 45 16
48 45 44
49 45 61
50 45 105
51 45 157
52 45 91
53 45 113
54 45 81
55 45 50
56 45 42
57 45 56
58 45 55
59 45 105
60 45 447
61 45 1976
62 45 4864
63 45 702
64 45 1
65 45 0
66 45 0
67 45 0
68 45 0
69 45 0
70 45 0
71 45 0
72 45 0
73 45 0
74 45 0
75 45 0
76 45 0
77 45 0
78 45 0
79 45 0
0 46 0
1 46 0
2 46 0
3 46 0
4 46 0
5 46 0
6 46 0
7 46 0
8 46 0
9 46 0
10 46 0
11 46 0
12 46 0
13 46 0
14 46 7
15 46 346
16 46 569
17 46 239
18 46 62
19 46 64
20 46 99
21 46 120
22 46 149
23 46 969
24 46 0
25 46 1655
26 46 55
27 46 29
28 46 39
29 46 30
30 46 35
31 46 55
32 46 137
33 46 1731
34 46 0
35 46 0
36 46 0
37 46 0
38 46 0
39 46 6623
40 46 513
41 46 581
42 46 331
43 46 188
44 46 98
45 46 86
46 46 52
47 46 81
48 46 88
49 46 89
50 46 88
51 46 82
52 46 91
53 46 55
54 46 29
55 46 26
56 46 43
57 46 20
58 46 17
59 46 22
60 46 55
61 46 311
62 46 2050
63 46 5036
64 46 515
65 46 0
66 46 0
67 46 0
68 46 0
69 46 0
70 46 0
71 46 0
72 46 0
73 46 0
74 46 0
75 46 0
76 46 0
77 46 0
78 46 0
79 46 0
0 47 0
1 47 0
2 47 0
3 47 0
4 47 0
5 47 0
6 47 0
7 47 0
8 47 0
9 47 0
10 47 0
11 47 0
12 47 0
13 47 12
14 47 326
15 47 550
16 47 295
17 47 181
18 47 140
19 47 149
20 47 200
21 47 183
22 47 184
23 47 235
24 47 440
25 47 52
26 47 35
27 47 33
28 47 31
29 47 37
30 47 28
31 47 55
32 47 77
33 47 190
34 47 1566
35 47 0
36 47 0
37 47 0
38 47 6900
39 47 456
40 47 431
41 47 601
42 47 361
43 47 286
44 47 187
45 47 129
46 47 96
47 47 103
48 47 93
49 47 82
50 47 80
51 47 68
52 47 52
53 47 26
54 47 28
55 47 49
56 47 32
57 47 6
58 47 3
59 47 8
60 47 13
61 47 36
62 47 196
63 47 2225
64 47 4998
65 47 368
66 47 0
67 47 0
68 47 0
69 47 0
70 47 0
71 47 0
72 47 0
73 47 0
74 47 0
75 47 0
76 47 0
77 47 0
78 47 0
79 47 0
0 48 0
1 48 0
2 48 0
3 48 0
4 48 0
5 48 0
6 48 0
7 48 0
8 48 0
9 48 0
10 48 0
11 48 0
12 48 46
13 48 345
14 48 507
15 48 354
16 48 226
17 48 146
18 48 156
19 48 133
20 48 122
21 48 93
22 48 54
23 48 35
24 48 13
25 48 23
26 48 27
27 48 21
28 48 17
29 48 19
30 48 10
31 48 49
32 48 58
33 48 105
34 48 214
35 48 1249
36 48 1444
37 48 1306
38 48 416
39 48 474
40 48 490
41 48 617
42 48 445
43 48 289
44 48 268
45 48 198
46 48 137
47 48 87
48 48 81
49 48 63
50 48 58
51 48 46
52 48 25
53 48 31
54 48 41
55 48 27
56 48 2
57 48 3
58 48 9
59 48 3
60 48 1
61 48 1
62 48 10
63 48 146
64 48 2509
65 48 4807
66 48 237
67 48 0
68 48 0
69 48 0
70 48 0
71 48 0
72 48 0
73 48 0
74 48 0
75 48 0
76 48 0
77 48 0
78 48 0
79 48 0
0 49 0
1 49 0
2 49 0
3 49 0
4 49 0
5 49 0
6 49 0
7 49 0
8 49 0
9 49 0
10 49 4
11 49 129
12 49 393
13 49 431
14 49 354
15 49 239
16 49 178
17 49 147
18 49 90
19 49 66
20 49 58
21 49 40
22 49 8
23 49 4
24 49 0
25 49 2
26 49 23
27 49 16
28 49 22
29 49 18
30 49 37
31 49 52
32 49 62
33 49 87
34 49 142
35 49 234
36 49 365
37 49 418
38 49 440
39 49 543
40 49 497
41 49 575
42 49 508
43 49 321
44 49 279
45 49 232
46 49 140
47 49 98
48 49 69
49 49 59
50 49 45
51 49 30
52 49 32
53 49 33
54 49 37
55 49 4
56 49 7
57 49 9
58 49 2
59 49 0
60 49 0
61 49 0
62 49 0
63 49 2
64 49 133
65 49 2986
66 49 4355
67 49 146
68 49 0
69 49 0
70 49 0
71 49 0
72 49 0
73 49 0
74 49 0
75 49 0
76 49 0
77 49 0
78 49 0
79 49 0
0 50 0
1 50 0
2 50 0
3 50 0
4 50 0
5 50 0
6 50 0
7 50 0
8 50 4
9 50 45
10 50 232
11 50 406
12 50 403
13 50 366
14 50 281
15 50 207
16 50 153
17 50 87
18 50 73
19 50 67
20 50 35
21 50 16
22 50 2
23 50 4
24 50 0
25 50 5
26 50 16
27 50 14
28 50 35
29 50 43
30 50 45
31 50 56
32 50 67
33 50 88
34 50 134
35 50 150
36 50 198
37 50 250
38 50 387
39 50 510
40 50 638
41 50 586
42 50 649
43 50 432
44 50 355
45 50 169
46 50 137
47 50 114
48 50 70
49 50 40
50 50 27
51 50 23
52 50 35
53 50 26
54 50 11
55 50 10
56 50 7
57 50 0
58 50 0
59 50 0
60 50 0
61 50 0
62 50 0
63 50 0
64 50 3
65 50 142
66 50 3591
67 50 3688
68 50 72
69 50 0
70 50 0
71 50 0
72 50 0
73 50 0
74 50 0
75 50 0
76 50 0
77 50 0
78 50 0
79 50 0
0 51 0
1 51 0
2 51 0
3 51 0
4 51 0
5 51 0
6 51 0
7 51 8
8 51 156
9 51 412
10 51 512
11 51 482
12 51 411
13 51 403
14 51 322
15 51 220
16 51 170
17 51 116
18 51 80
19 51 34
20 51 20
21 51 8
22 51 9
23 51 2
24 51 5
25 51 8
26 51 5
27 51 20
28 51 39
29 51 44
30 51 73
31 51 97
32 51 74
33 51 89
34 51 78
35 51 139
36 51 210
37 51 302
38 51 294
39 51 479
40 51 640
41 51 674
42 51 734
43 51 518
44 51 421
45 51 260
46 51 206
47 51 89
48 51 64
49 51 46
50 51 19
51 51 39
52 51 13
53 51 13
54 51 13
55 51 3
56 51 0
57 51 0
58 51 0
59 51 0
60 51 0
61 51 0
62 51 0
63 51 0
64 51 0
65 51 0
66 51 286
67 51 4423
68 51 2528
69 51 2
70 51 0
71 51 0
72 51 0
73 51 0
74 51 0
75 51 0
76 51 0
77 51 0
78 51 0
79 51 0
0 52 0
1 52 0
2 52 0
3 52 0
4 52 0
5 52 0
6 52 47
7 52 2772
8 52 3203
9 52 2607
10 52 2167
11 52 1726
12 52 1659
13 52 1437
14 52 600
15 52 242
16 52 142
17 52 85
18 52 39
19 52 26
20 52 9
21 52 11
22 52 7
23 52 12
24 52 20
25 52 3
26 52 10
27 52 28
28 52 44
29 52 83
30 52 127
31 52 89
32 52 124
33 52 143
34 52 198
35 52 306
36 52 544
37 52 668
38 52 755
39 52 886
40 52 1109
41 52 1124
42 52 870
43 52 722
44 52 544
45 52 338
46 52 226
47 52 111
48 52 57
49 52 30
50 52 34
51 52 15
52 52 14
53 52 15
54 52 3
55 52 0
56 52 0
57 52 0
58 52 0
59 52 0
60 52 0
61 52 0
62 52 0
63 52 0
64 52 0
65 52 0
66 52 0
67 52 635
68 52 5258
69 52 1340
70 52 0
71 52 0
72 52 0
73 52 0
74 52 0
75 52 0
76 52 0
77 52 0
78 52 0
79 52 0
0 53 0
1 53 0
2 53 0
3 53 0
4 53 0
5 53 0
6 53 4233
7 53 0
8 53 0
9 53 0
10 53 0
11 53 0
12 53 0
13 53 0
14 53 1038
15 53 411
16 53 178
17 53 90
18 53 66
19 53 41
20 53 26
21 53 14
22 53 16
23 53 13
24 53 19
25 53 22
26 53 22
27 53 29
28 53 88
29 53 211
30 53 1868
31 53 2233
32 53 2346
33 53 2217
34 53 1868
35 53 1695
36 53 1460
37 53 4610
38 53 4787
39 53 4716
40 53 4636
41 53 5336
42 53 6065
43 53 1127
44 53 742
45 53 543
46 53 255
47 53 147
48 53 76
49 53 66
50 53 20
51 53 11
52 53 17
53 53 7
54 53 0
55 53 0
56 53 0
57 53 0
58 53 0
59 53 0
60 53 0
61 53 0
62 53 0
63 53 0
64 53 0
65 53 0
66 53 0
67 53 0
68 53 1401
69 53 5487
70 53 408
71 53 0
72 53 0
73 53 0
74 53 0
75 53 0
76 53 0
77 53 0
78 53 0
79 53 0
0 54 0
1 54 0
2 54 0
3 54 0
4 54 0
5 54 12
6 54 8505
7 54 0
8 54 0
9 54 0
10 54 0
11 54 0
12 54 0
13 54 0
14 54 1097
15 54 486
16 54 287
17 54 119
18 54 71
19 54 39
20 54 38
21 54 28
22 54 32
23 54 28
24 54 30
25 54 44
26 54 73
27 54 102
28 54 295
29 54 2030
30 54 0
31 54 0
32 54 0
33 54 0
34 54 0
35 54 0
36 54 7411
37 54 0
38 54 0
39 54 0
40 54 0
41 54 0
42 54 0
43 54 8201
44 54 1128
45 54 711
46 54 431
47 54 205
48 54 130
49 54 45
50 54 11
51 54 16
52 54 11
53 54 0
54 54 0
55 54 0
56 54 0
57 54 0
58 54 0
59 54 0
60 54 0
61 54 0
62 54 0
63 54 0
64 54 0
65 54 0
66 54 0
67 54 0
68 54 0
69 54 3926
70 54 3910
71 54 90
72 54 0
73 54 0
74 54 0
75 54 0
76 54 0
77 54 0
78 54 0
79 54 0
0 55 0
1 55 0
2 55 0
3 55 0
4 55 0
5 55 71
6 55 10090
7 55 0
8 55 0
9 55 0
10 55 0
11 55 0
12 55 0
13 55 0
14 55 2451
15 55 212
16 55 402
17 55 267
18 55 154
19 55 110
20 55 83
21 55 74
22 55 67
23 55 76
24 55 71
25 55 77
26 55 130
27 55 361
28 55 903
29 55 2492
30 55 0
31 55 0
32 55 0
33 55 0
34 55 0
35 55 0
36 55 16641
37 55 0
38 55 0
39 55 0
40 55 0
41 55 0
42 55 0
43 55 12038
44 55 1711
45 55 1115
46 55 706
47 55 361
48 55 167
49 55 79
50 55 35
51 55 19
52 55 3
53 55 0
54 55 0
55 55 0
56 55 0
57 55 0
58 55 0
59 55 0
60 55 0
61 55 0
62 55 0
63 55 0
64 55 0
65 55 0
66 55 0
67 55 0
68 55 0
69 55 0
70 55 7297
71 55 2121
72 55 8
73 55 0
74 55 0
75 55 0
76 55 0
77 55 0
78 55 0
79 55 0
0 56 0
1 56 0
2 56 0
3 56 0
4 56 0
5 56 210
6 56 9296
7 56 0
8 56 0
9 56 0
10 56 0
11 56 0
12 56 0
13 56 0
14 56 6121
15 56 158
16 56 325
17 56 474
18 56 360
19 56 221
20 56 199
21 56 163
22 56 163
23 56 178
24 56 203
25 56 276
26 56 496
27 56 865
28 56 439
29 56 3263
30 56 0
31 56 0
32 56 0
33 56 0
34 56 0
35 56 0
36 56 23922
37 56 0
38 56 0
39 56 0
40 56 0
41 56 0
42 56 0
43 56 13617
44 56 1386
45 56 1527
46 56 1150
47 56 645
48 56 318
49 56 149
50 56 56
51 56 5
52 56 3
53 56 0
54 56 0
55 56 0
56 56 0
57 56 0
58 56 0
59 56 0
60 56 0
61 56 0
62 56 0
63 56 0
64 56 0
65 56 0
66 56 0
67 56 0
68 56 0
69 56 0
70 56 0
71 56 9415
72 56 726
73 56 1
74 56 0
75 56 0
76 56 0
77 56 0
78 56 0
79 56 0
0 57 0
1 57 0
2 57 0
3 57 0
4 57 0
5 57 448
6 57 8663
7 57 0
8 57 0
9 57 0
10 57 0
11 57 0
12 57 0
13 57 0
14 57 8641
15 57 656
16 57 679
17 57 765
18 57 805
19 57 752
20 57 587
21 57 525
22 57 472
23 57 454
24 57 618
25 57 853
26 57 893
27 57 462
28 57 216
29 57 5083
30 57 0
31 57 0
32 57 0
33 57 0
34 57 0
35 57 0
36 57 25595
37 57 0
38 57 0
39 57 0
40 57 0
41 57 0
42 57 0
43 57 14603
44 57 1012
45 57 1532
46 57 1596
47 57 1210
48 57 690
49 57 330
50 57 130
51 57 24
52 57 4
53 57 1
54 57 0
55 57 0
56 57 0
57 57 0
58 57 0
59 57 0
60 57 0
61 57 0
62 57 0
63 57 0
64 57 0
65 57 0
66 57 0
67 57 0
68 57 0
69 57 0
70 57 0
71 57 0
72 57 7664
73 57 123
74 57 0
75 57 0
76 57 0
77 57 0
78 57 0
79 57 0
0 58 0
1 58 0
2 58 0
3 58 0
4 58 4
5 58 1324
6 58 6245
7 58 0
8 58 0
9 58 0
10 58 0
11 58 0
12 58 0
13 58 0
14 58 6887
15 58 2138
16 58 2077
17 58 1952
18 58 1856
19 58 1783
20 58 1635
21 58 1553
22 58 1515
23 58 1519
24 58 1471
25 58 1183
26 58 928
27 58 884
28 58 893
29 58 6705
30 58 0
31 58 0
32 58 0
33 58 0
34 58 0
35 58 0
36 58 23571
37 58 0
38 58 0
39 58 0
40 58 0
41 58 0
42 58 0
43 58 14188
44 58 1448
45 58 1540
46 58 1895
47 58 1813
48 58 1421
49 58 774
50 58 395
51 58 134
52 58 23
53 58 6
54 58 0
55 58 0
56 58 0
57 58 0
58 58 0
59 58 0
60 58 0
61 58 0
62 58 0
63 58 0
64 58 0
65 58 0
66 58 0
67 58 0
68 58 0
69 58 0
70 58 0
71 58 0
72 58 8604
73 58 2519
74 58 29
75 58 0
76 58 0
77 58 0
78 58 0
79 58 0
0 59 0
1 59 0
2 59 0
3 59 0
4 59 0
5 59 4594
6 59 4868
7 59 5892
8 59 5895
9 59 5748
10 59 5726
11 59 5588
12 59 5571
13 59 5232
14 59 2424
15 59 2216
16 59 2232
17 59 2286
18 59 2427
19 59 2609
20 59 2767
21 59 2759
22 59 2692
23 59 2558
24 59 2381
25 59 2263
26 59 2120
27 59 1989
28 59 1885
29 59 5799
30 59 0
31 59 0
32 59 0
33 59 0
34 59 0
35 59 0
36 59 18113
37 59 0
38 59 0
39 59 0
40 59 0
41 59 0
42 59 0
43 59 9436
44 59 1602
45 59 1964
46 59 2241
47 59 2657
48 59 2558
49 59 2013
50 59 1218
51 59 680
52 59 268
53 59 67
54 59 10
55 59 0
56 59 0
57 59 0
58 59 0
59 59 0
60 59 0
61 59 0
62 59 0
63 59 0
64 59 0
65 59 0
66 59 0
67 59 0
68 59 0
69 59 0
70 59 0
71 59 0
72 59 0
73 59 9247
74 59 1323
75 59 11
76 59 0
77 59 0
78 59 0
79 59 0
0 60 0
1 60 0
2 60 0
3 60 0
4 60 0
5 60 3
6 60 29
7 60 13
8 60 10
9 60 11
10 60 21
11 60 52
12 60 110
13 60 220
14 60 374
15 60 467
16 60 596
17 60 634
18 60 704
19 60 696
20 60 768
21 60 886
22 60 990
23 60 1155
24 60 1229
25 60 1370
26 60 1555
27 60 1627
28 60 1738
29 60 1946
30 60 4371
31 60 4419
32 60 4486
33 60 4599
34 60 4639
35 60 4487
36 60 7802
37 60 0
38 60 0
39 60 0
40 60 0
41 60 0
42 60 0
43 60 5194
44 60 2334
45 60 2478
46 60 2880
47 60 3300
48 60 3695
49 60 3931
50 60 3575
51 60 2660
52 60 1637
53 60 861
54 60 303
55 60 64
56 60 7
57 60 0
58 60 0
59 60 0
60 60 0
61 60 0
62 60 0
63 60 0
64 60 0
65 60 0
66 60 0
67 60 0
68 60 0
69 60 0
70 60 0
71 60 0
72 60 0
73 60 0
74 60 9043
75 60 1133
76 60 4
77 60 0
78 60 0
79 60 0
0 61 0
1 61 0
2 61 0
3 61 0
4 61 0
5 61 0
6 61 0
7 61 0
8 61 0
9 61 0
10 61 0
11 61 0
12 61 0
13 61 0
14 61 0
15 61 2
16 61 1
17 61 6
18 61 8
19 61 13
20 61 18
21 61 33
22 61 49
23 61 56
24 61 92
25 61 116
26 61 162
27 61 247
28 61 317
29 61 423
30 61 518
31 61 593
32 61 676
33 61 684
34 61 686
35 61 670
36 61 687
37 61 2911
38 61 3564
39 61 3683
40 61 3794
41 61 3808
42 61 3613
43 61 1165
44 61 770
45 61 817
46 61 927
47 61 1361
48 61 1988
49 61 2956
50 61 4104
51 61 5052
52 61 5492
53 61 4910
54 61 3842
55 61 2580
56 61 1437
57 61 676
58 61 228
59 61 0
60 61 0
61 61 0
62 61 0
63 61 0
64 61 0
65 61 0
66 61 0
67 61 0
68 61 0
69 61 0
70 61 0
71 61 0
72 61 0
73 61 57891
74 61 7771
75 61 8281
76 61 1248
77 61 0
78 61 0
79 61 0
0 62 0
1 62 0
2 62 0
3 62 0
4 62 0
5 62 0
6 62 0
7 62 0
8 62 0
9 62 0
10 62 0
11 62 0
12 62 0
13 62 0
14 62 0
15 62 0
16 62 0
17 62 0
18 62 0
19 62 0
20 62 0
21 62 0
22 62 0
23 62 0
24 62 0
25 62 0
26 62 0
27 62 0
28 62 0
29 62 3
30 62 2
31 62 0
32 62 6
33 62 17
34 62 39
35 62 142
36 62 1208
37 62 786
38 62 267
39 62 100
40 62 38
41 62 31
42 62 30
43 62 33
44 62 34
45 62 35
46 62 61
47 62 64
48 62 142
49 62 245
50 62 493
51 62 992
52 62 1860
53 62 3177
54 62 4694
55 62 5939
56 62 7024
57 62 7476
58 62 7613
59 62 7442
60 62 7054
61 62 6771
62 62 6464
63 62 6565
64 62 7556
65 62 9152
66 62 10055
67 62 10819
68 62 11186
69 62 11512
70 62 11491
71 62 11772
72 62 11518
73 62 4480
74 62 5616
75 62 9314
76 62 9987
77 62 0
78 62 0
79 62 0
0 63 0
1 63 0
2 63 0
3 63 0
4 63 0
5 63 0
6 63 0
7 63 0
8 63 0
9 63 0
10 63 0
11 63 0
12 63 0
13 63 0
14 63 0
15 63 0
16 63 0
17 63 0
18 63 0
19 63 0
20 63 0
21 63 0
22 63 0
23 63 0
24 63 0
25 63 0
26 63 0
27 63 0
28 63 0
29 63 0
30 63 0
31 63 0
32 63 0
33 63 0
34 63 0
35 63 0
36 63 0
37 63 0
38 63 0
39 63 0
40 63 0
41 63 0
42 63 0
43 63 0
44 63 0
45 63 0
46 63 0
47 63 0
48 63 0
49 63 0
50 63 0
51 63 5
52 63 9
53 63 21
54 63 37
55 63 94
56 63 195
57 63 361
58 63 597
59 63 886
60 63 1228
61 63 1545
62 63 1826
63 63 1902
64 63 1595
65 63 911
66 63 402
67 63 184
68 63 94
69 63 35
70 63 15
71 63 9
72 63 7
73 63 8
74 63 20
75 63 40
76 63 5
77 63 0
78 63 0
79 63 0
0 64 0
1 64 0
2 64 0
3 64 0
4 64 0
5 64 0
6 64 0
7 64 0
8 64 0
9 64 0
10 64 0
11 64 0
12 64 0
13 64 0
14 64 0
15 64 0
16 64 0
17 64 0
18 64 0
19 64 0
20 64 0
21 64 0
22 64 0
23 64 0
24 64 0
25 64 0
26 64 0
27 64 0
28 64 0
29 64 0
30 64 0
31 64 0
32 64 0
33 64 0
34 64 0
35 64 0
36 64 0
37 64 0
38 64 0
39 64 0
40 64 0
41 64 0
42 64 0
43 64 0
44 64 0
45 64 0
46 64 0
47 64 0
48 64 0
49 64 0
50 64 0
51 64 0
52 64 0
53 64 0
54 64 0
55 64 0
56 64 0
57 64 0
58 64 0
59 64 0
60 64 0
61 64 0
62 64 0
63 64 0
64 64 0
65 64 0
66 64 0
67 64 0
68 64 0
69 64 0
70 64 0
71 64 0
72 64 0
73 64 0
74 64 0
75 64 0
76 64 0
77 64 0
78 64 0
79 64 0
0 65 0
1 65 0
2 65 0
3 65 0
4 65 0
5 65 0
6 65 0
7 65 0
8 65 0
9 65 0
10 65 0
11 65 0
12 65 0
13 65 0
14 65 0
15 65 0
16 65 0
17 65 0
18 65 0
19 65 0
20 65 0
21 65 0
22 65 0
23 65 0
24 65 0
25 65 0
26 65 0
27 65 0
28 65 0
29 65 0
30 65 0
31 65 0
32 65 0
33 65 0
34 65 0
35 65 0
36 65 0
37 65 0
38 65 0
39 65 0
40 65 0
41 65 0
42 65 0
43 65 0
44 65 0
45 65 0
46 65 0
47 65 0
48 65 0
49 65 0
50 65 0
51 65 0
52 65 0
53 65 0
54 65 0
55 65 0
56 65 0
57 65 0
58 65 0
59 65 0
60 65 0
61 65 0
62 65 0
63 65 0
64 65 0
65 65 0
66 65 0
67 65 0
68 65 0
69 65 0
70 65 0
71 65 0
72 65 0
73 65 0
74 65 0
75 65 0
76 65 0
77 65 0
78 65 0
79 65 0
0 66 0
1 66 0
2 66 0
3 66 0
4 66 0
5 66 0
6 66 0
7 66 0
8 66 0
9 66 0
10 66 0
11 66 0
12 66 0
13 66 0
14 66 0
15 66 0
16 66 0
17 66 0
18 66 0
19 66 0
20 66 0
21 66 0
22 66 0
23 66 0
24 66 0
25 66 0
26 66 0
27 66 0
28 66 0
29 66 0
30 66 0
31 66 0
32 66 0
33 66 0
34 66 0
35 66 0
36 66 0
37 66 0
38 66 0
39 66 0
40 66 0
41 66 0
42 66 0
43 66 0
44 66 0
45 66 0
46 66 0
47 66 0
48 66 0
49 66 0
50 66 0
51 66 0
52 66 0
53 66 0
54 66 0
55 66 0
56 66 0
57 66 0
58 66 0
59 66 0
60 66 0
61 66 0
62 66 0
63 66 0
64 66 0
65 66 0
66 66 0
67 66 0
68 66 0
69 66 0
70 66 0
71 66 0
72 66 0
73 66 0
74 66 0
75 66 0
76 66 0
77 66 0
78 66 0
79 66 0
0 67 0
1 67 0
2 67 0
3 67 0
4 67 0
5 67 0
6 67 0
7 67 0
8 67 0
9 67 0
10 67 0
11 67 0
12 67 0
13 67 0
14 67 0
15 67 0
16 67 0
17 67 0
18 67 0
19 67 0
20 67 0
21 67 0
22 67 0
23 67 0
24 67 0
25 67 0
26 67 0
27 67 0
28 67 0
29 67 0
30 67 0
31 67 0
32 67 0
33 67 0
34 67 0
35 67 0
36 67 0
37 67 0
38 67 0
39 67 0
40 67 0
41 67 0
42 67 0
43 67 0
44 67 0
45 67 0
46 67 0
47 67 0
48 67 0
49 67 0
50 67 0
51 67 0
52 67 0
53 67 0
54 67 0
55 67 0
56 67 0
57 67 0
58 67 0
59 67 0
60 67 0
61 67 0
62 67 0
63 67 0
64 67 0
65 67 0
66 67 0
67 67 0
68 67 0
69 67 0
70 67 0
71 67 0
72 67 0
73 67 0
74 67 0
75 67 0
76 67 0
77 67 0
78 67 0
79 67 0
0 68 0
1 68 0
2 68 0
3 68 0
4 68 0
5 68 0
6 68 0
7 68 0
8 68 0
9 68 0
10 68 0
11 68 0
12 68 0
13 68 0
14 68 0
15 68 0
16 68 0
17 68 0
18 68 0
19 68 0
20 68 0
21 68 0
22 68 0
23 68 0
24 68 0
25 68 0
26 68 0
27 68 0
28 68 0
29 68 0
30 68 0
31 68 0
32 68 0
33 68 0
34 68 0
35 68 0
36 68 0
37 68 0
38 68 0
39 68 0
40 68 0
41 68 0
42 68 0
43 68 0
44 68 0
45 68 0
46 68 0
47 68 0
48 68 0
49 68 0
50 68 0
51 68 0
52 68 0
53 68 0
54 68 0
55 68 0
56 68 0
57 68 0
58 68 0
59 68 0
60 68 0
61 68 0
62 68 0
63 68 0
64 68 0
65 68 0
66 68 0
67 68 0
68 68 0
69 68 0
70 68 0
71 68 0
72 68 0
73 68 0
74 68 0
75 68 0
76 68 0
77 68 0
78 68 0
79 68 0
0 69 0
1 69 0
2 69 0
3 69 0
4 69 0
5 69 0
6 69 0
7 69 0
8 69 0
9 69 0
10 69 0
11 69 0
12 69 0
13 69 0
14 69 0
15 69 0
16 69 0
17 69 0
18 69 0
19 69 0
20 69 0
21 69 0
22 69 0
23 69 0
24 69 0
25 69 0
26 69 0
27 69 0
28 69 0
29 69 0
30 69 0
31 69 0
32 69 0
33 69 0
34 69 0
35 69 0
36 69 0
37 69 0
38 69 0
39 69 0
40 69 0
41 69 0
42 69 0
43 69 0
44 69 0
45 69 0
46 69 0
47 69 0
48 69 0
49 69 0
50 69 0
51 69 0
52 69 0
53 69 0
54 69 0
55 69 0
56 69 0
57 69 0
58 69 0
59 69 0
60 69 0
61 69 0
62 69 0
63 69 0
64 69 0
65 69 0
66 69 0
67 69 0
68 69 0
69 69 0
70 69 0
71 69 0
72 69 0
73 69 0
74 69 0
75 69 0
76 69 0
77 69 0
78 69 0
79 69 0
0 70 0
1 70 0
2 70 0
3 70 0
4 70 0
5 70 0
6 70 0
7 70 0
8 70 0
9 70 0
10 70 0
11 70 0
12 70 0
13 70 0
14 70 0
15 70 0
16 70 0
17 70 0
18 70 0
19 70 0
20 70 0
21 70 0
22 70 0
23 70 0
24 70 0
25 70 0
26 70 0
27 70 0
28 70 0
29 70 0
30 70 0
31 70 0
32 70 0
33 70 0
34 70 0
35 70 0
36 70 0
37 70 0
38 70 0
39 70 0
40 70 0
41 70 0
42 70 0
43 70 0
44 70 0
45 70 0
46 70 0
47 70 0
48 70 0
49 70 0
50 70 0
51 70 0
52 70 0
53 70 0
54 70 0
55 70 0
56 70 0
57 70 0
58 70 0
59 70 0
60 70 0
61 70 0
62 70 0
63 70 0
64 70 0
65 70 0
66 70 0
67 70 0
68 70 0
69 70 0
70 70 0
71 70 0
72 70 0
73 70 0
74 70 0
75 70 0
76 70 0
77 70 0
78 70 0
79 70 0
0 71 0
1 71 0
2 71 0
3 71 0
4 71 0
5 71 0
6 71 0
7 71 0
8 71 0
9 71 0
10 71 0
11 71 0
12 71 0
13 71 0
14 71 0
15 71 0
16 71 0
17 71 0
18 71 0
19 71 0
20 71 0
21 71 0
22 71 0
23 71 0
24 71 0
25 71 0
26 71 0
27 71 0
28 71 0
29 71 0
30 71 0
31 71 0
32 71 0
33 71 0
34 71 0
35 71 0
36 71 0
37 71 0
38 71 0
39 71 0
40 71 0
41 71 0
42 71 0
43 71 0
44 71 0
45 71 0
46 71 0
47 71 0
48 71 0
49 71 0
50 71 0
51 71 0
52 71 0
53 71 0
54 71 0
55 71 0
56 71 0
57 71 0
58 71 0
59 71 0
60 71 0
61 71 0
62 71 0
63 71 0
64 71 0
65 71 0
66 71 0
67 71 0
68 71 0
69 71 0
70 71 0
71 71 0
72 71 0
73 71 0
74 71 0
75 71 0
76 71 0
77 71 0
78 71 0
79 71 0
0 72 0
1 72 0
2 72 0
3 72 0
4 72 0
5 72 0
6 72 0
7 72 0
8 72 0
9 72 0
10 72 0
11 72 0
12 72 0
13 72 0
14 72 0
15 72 0
16 72 0
17 72 0
18 72 0
19 72 0
20 72 0
21 72 0
22 72 0
23 72 0
24 72 0
25 72 0
26 72 0
27 72 0
28 72 0
29 72 0
30 72 0
31 72 0
32 72 0
33 72 0
34 72 0
35 72 0
36 72 0
37 72 0
38 72 0
39 72 0
40 72 0
41 72 0
42 72 0
43 72 0
44 72 0
45 72 0
46 72 0
47 72 0
48 72 0
49 72 0
50 72 0
51 72 0
52 72 0
53 72 0
54 72 0
55 72 0
56 72 0
57 72 0
58 72 0
59 72 0
60 72 0
61 72 0
62 72 0
63 72 0
64 72 0
65 72 0
66 72 0
67 72 0
68 72 0
69 72 0
70 72 0
71 72 0
72 72 0
73 72 0
74 72 0
75 72 0
76 72 0
77 72 0
78 72 0
79 72 0
0 73 0
1 73 0
2 73 0
3 73 0
4 73 0
5 73 0
6 73 0
7 73 0
8 73 0
9 73 0
10 73 0
11 73 0
12 73 0
13 73 0
14 73 0
15 73 0
16 73 0
17 73 0
18 73 0
19 73 0
20 73 0
21 73 0
22 73 0
23 73 0
24 73 0
25 73 0
26 73 0
27 73 0
28 73 0
29 73 0
30 73 0
31 73 0
32 73 0
33 73 0
34 73 0
35 73 0
36 73 0
37 73 0
38 73 0
39 73 0
40 73 0
41 73 0
42 73 0
43 73 0
44 73 0
45 73 0
46 73 0
47 73 0
48 73 0
49 73 0
50 73 0
51 73 0
52 73 0
53 73 0
54 73 0
55 73 0
56 73 0
57 73 0
58 73 0
59 73 0
60 73 0
61 73 0
62 73 0
63 73 0
64 73 0
65 73 0
66 73 0
67 73 0
68 73 0
69 73 0
70 73 0
71 73 0
72 73 0
73 73 0
74 73 0
75 73 0
76 73 0
77 73 0
78 73 0
79 73 0
0 74 0
1 74 0
2 74 0
3 74 0
4 74 0
5 74 0
6 74 0
7 74 0
8 74 0
9 74 0
10 74 0
11 74 0
12 74 0
13 74 0
14 74 0
15 74 0
16 74 0
17 74 0
18 74 0
19 74 0
20 74 0
21 74 0
22 74 0
23 74 0
24 74 0
25 74 0
26 74 0
27 74 0
28 74 0
29 74 0
30 74 0
31 74 0
32 74 0
33 74 0
34 74 0
35 74 0
36 74 0
37 74 0
38 74 0
39 74 0
40 74 0
41 74 0
42 74 0
43 74 0
44 74 0
45 74 0
46 74 0
47 74 0
48 74 0
49 74 0
50 74 0
51 74 0
52 74 0
53 74 0
54 74 0
55 74 0
56 74 0
57 74 0
58 74 0
59 74 0
60 74 0
61 74 0
62 74 0
63 74 0
64 74 0
65 74 0
66 74 0
67 74 0
68 74 0
69 74 0
70 74 0
71 74 0
72 74 0
73 74 0
74 74 0
75 74 0
76 74 0
77 74 0
78 74 0
79 74 0
0 75 0
1 75 0
2 75 0
3 75 0
4 75 0
5 75 0
6 75 0
7 75 0
8 75 0
9 75 0
10 75 0
11 75 0
12 75 0
13 75 0
14 75 0
15 75 0
16 75 0
17 75 0
18 75 0
19 75 0
20 75 0
21 75 0
22 75 0
23 75 0
24 75 0
25 75 0
26 75 0
27 75 0
28 75 0
29 75 0
30 75 0
31 75 0
32 75 0
33 75 0
34 75 0
35 75 0
36 75 0
37 75 0
38 75 0
39 75 0
40 75 0
41 75 0
42 75 0
43 75 0
44 75 0
45 75 0
46 75 0
47 75 0
48 75 0
49 75 0
50 75 0
51 75 0
52 75 0
53 75 0
54 75 0
55 75 0
56 75 0
57 75 0
58 75 0
59 75 0
60 75 0
61 75 0
62 75 0
63 75 0
64 75 0
65 75 0
66 75 0
67 75 0
68 75 0
69 75 0
70 75 0
71 75 0
72 75 0
73 75 0
74 75 0
75 75 0
76 75 0
77 75 0
78 75 0
79 75 0
0 76 0
1 76 0
2 76 0
3 76 0
4 76 0
5 76 0
6 76 0
7 76 0
8 76 0
9 76 0
10 76 0
11 76 0
12 76 0
13 76 0
14 76 0
15 76 0
16 76 0
17 76 0
18 76 0
19 76 0
20 76 0
21 76 0
22 76 0
23 76 0
24 76 0
25 76 0
26 76 0
27 76 0
28 76 0
29 76 0
30 76 0
31 76 0
32 76 0
33 76 0
34 76 0
35 76 0
36 76 0
37 76 0
38 76 0
39 76 0
40 76 0
41 76 0
42 76 0
43 76 0
44 76 0
45 76 0
46 76 0
47 76 0
48 76 0
49 76 0
50 76 0
51 76 0
52 76 0
53 76 0
54 76 0
55 76 0
56 76 0
57 76 0
58 76 0
59 76 0
60 76 0
61 76 0
62 76 0
63 76 0
64 76 0
65 76 0
66 76 0
67 76 0
68 76 0
69 76 0
70 76 0
71 76 0
72 76 0
73 76 0
74 76 0
75 76 0
76 76 0
77 76 0
78 76 0
79 76 0
0 77 0
1 77 0
2 77 0
3 77 0
4 77 0
5 77 0
6 77 0
7 77 0
8 77 0
9 77 0
10 77 0
11 77 0
12 77 0
13 77 0
14 77 0
15 77 0
16 77 0
17 77 0
18 77 0
19 77 0
20 77 0
21 77 0
22 77 0
23 77 0
24 77 0
25 77 0
26 77 0
27 77 0
28 77 0
29 77 0
30 77 0
31 77 0
32 77 0
33 77 0
34 77 0
35 77 0
36 77 0
37 77 0
38 77 0
39 77 0
40 77 0
41 77 0
42 77 0
43 77 0
44 77 0
45 77 0
46 77 0
47 77 0
48 77 0
49 77 0
50 77 0
51 77 0
52 77 0
53 77 0
54 77 0
55 77 0
56 77 0
57 77 0
58 77 0
59 77 0
60 77 0
61 77 0
62 77 0
63 77 0
64 77 0
65 77 0
66 77 0
67 77 0
68 77 0
69 77 0
70 77 0
71 77 0
72 77 0
73 77 0
74 77 0
75 77 0
76 77 0
77 77 0
78 77 0
79 77 0
0 78 0
1 78 0
2 78 0
3 78 0
4 78 0
5 78 0
6 78 0
7 78 0
8 78 0
9 78 0
10 78 0
11 78 0
12 78 0
13 78 0
14 78 0
15 78 0
16 78 0
17 78 0
18 78 0
19 78 0
20 78 0
21 78 0
22 78 0
23 78 0
24 78 0
25 78 0
26 78 0
27 78 0
28 78 0
29 78 0
30 78 0
31 78 0
32 78 0
33 78 0
34 78 0
35 78 0
36 78 0
37 78 0
38 78 0
39 78 0
40 78 0
41 78 0
42 78 0
43 78 0
44 78 0
45 78 0
46 78 0
47 78 0
48 78 0
49 78 0
50 78 0
51 78 0
52 78 0
53 78 0
54 78 0
55 78 0
56 78 0
57 78 0
58 78 0
59 78 0
60 78 0
61 78 0
62 78 0
63 78 0
64 78 0
65 78 0
66 78 0
67 78 0
68 78 0
69 78 0
70 78 0
71 78 0
72 78 0
73 78 0
74 78 0
75 78 0
76 78 0
77 78 0
78 78 0
79 78 0
0 79 0
1 79 0
2 79 0
3 79 0
4 79 0
5 79 0
6 79 0
7 79 0
8 79 0
9 79 0
10 79 0
11 79 0
12 79 0
13 79 0
14 79 0
15 79 0
16 79 0
17 79 0
18 79 0
19 79 0
20 79 0
21 79 0
22 79 0
23 79 0
24 79 0
25 79 0
26 79 0
27 79 0
28 79 0
29 79 0
30 79 0
31 79 0
32 79 0
33 79 0
34 79 0
35 79 0
36 79 0
37 79 0
38 79 0
39 79 0
40 79 0
41 79 0
42 79 0
43 79 0
44 79 0
45 79 0
46 79 0
47 79 0
48 79 0
49 79 0
50 79 0
51 79 0
52 79 0
53 79 0
54 79 0
55 79 0
56 79 0
57 79 0
58 79 0
59 79 0
60 79 0
61 79 0
62 79 0
63 79 0
64 79 0
65 79 0
66 79 0
67 79 0
68 79 0
69 79 0
70 79 0
71 79 0
72 79 0
73 79 0
74 79 0
75 79 0
76 79 0
77 79 0
78 79 0
79 79 0
