0 0 0
1 0 0
2 0 0
3 0 0
4 0 0
5 0 0
6 0 0
7 0 0
8 0 0
9 0 0
10 0 0
11 0 0
12 0 0
13 0 0
14 0 0
15 0 0
16 0 0
17 0 0
18 0 0
19 0 0
20 0 0
21 0 0
22 0 0
23 0 0
24 0 0
25 0 0
26 0 0
27 0 0
28 0 0
29 0 0
30 0 0
31 0 0
32 0 0
33 0 0
34 0 0
35 0 0
36 0 0
37 0 0
38 0 0
39 0 0
40 0 0
41 0 0
42 0 0
43 0 0
44 0 0
45 0 0
46 0 0
47 0 0
48 0 0
49 0 0
50 0 0
51 0 0
52 0 0
53 0 0
54 0 0
55 0 0
56 0 0
57 0 0
58 0 0
59 0 0
60 0 0
61 0 0
62 0 0
63 0 0
64 0 0
65 0 0
66 0 0
67 0 0
68 0 0
69 0 0
70 0 0
71 0 0
72 0 0
73 0 0
74 0 0
75 0 0
76 0 0
77 0 0
78 0 0
79 0 0
0 1 0
1 1 0
2 1 0
3 1 0
4 1 0
5 1 0
6 1 0
7 1 0
8 1 0
9 1 0
10 1 0
11 1 0
12 1 0
13 1 0
14 1 0
15 1 0
16 1 0
17 1 0
18 1 0
19 1 0
20 1 0
21 1 0
22 1 0
23 1 0
24 1 0
25 1 0
26 1 0
27 1 0
28 1 0
29 1 0
30 1 0
31 1 0
32 1 0
33 1 0
34 1 0
35 1 0
36 1 0
37 1 0
38 1 0
39 1 0
40 1 0
41 1 0
42 1 0
43 1 0
44 1 0
45 1 0
46 1 0
47 1 0
48 1 0
49 1 0
50 1 0
51 1 0
52 1 0
53 1 0
54 1 0
55 1 0
56 1 0
57 1 0
58 1 0
59 1 0
60 1 0
61 1 0
62 1 0
63 1 0
64 1 0
65 1 0
66 1 0
67 1 0
68 1 0
69 1 0
70 1 0
71 1 0
72 1 0
73 1 0
74 1 0
75 1 0
76 1 0
77 1 0
78 1 0
79 1 0
0 2 0
1 2 0
2 2 0
3 2 0
4 2 0
5 2 0
6 2 0
7 2 0
8 2 0
9 2 0
10 2 0
11 2 0
12 2 0
13 2 0
14 2 0
15 2 0
16 2 0
17 2 0
18 2 0
19 2 0
20 2 0
21 2 0
22 2 0
23 2 0
24 2 0
25 2 0
26 2 0
27 2 0
28 2 0
29 2 0
30 2 0
31 2 0
32 2 0
33 2 0
34 2 0
35 2 0
36 2 0
37 2 0
38 2 0
39 2 0
40 2 0
41 2 0
42 2 0
43 2 0
44 2 0
45 2 0
46 2 0
47 2 0
48 2 0
49 2 0
50 2 0
51 2 0
52 2 0
53 2 0
54 2 0
55 2 0
56 2 0
57 2 0
58 2 0
59 2 0
60 2 0
61 2 0
62 2 0
63 2 0
64 2 0
65 2 0
66 2 0
67 2 0
68 2 0
69 2 0
70 2 0
71 2 0
72 2 0
73 2 0
74 2 0
75 2 0
76 2 0
77 2 0
78 2 0
79 2 0
0 3 0
1 3 0
2 3 0
3 3 0
4 3 0
5 3 0
6 3 0
7 3 0
8 3 0
9 3 0
10 3 0
11 3 0
12 3 0
13 3 0
14 3 0
15 3 0
16 3 0
17 3 0
18 3 0
19 3 0
20 3 0
21 3 0
22 3 0
23 3 0
24 3 0
25 3 0
26 3 0
27 3 0
28 3 0
29 3 0
30 3 0
31 3 0
32 3 0
33 3 0
34 3 0
35 3 0
36 3 0
37 3 0
38 3 0
39 3 0
40 3 0
41 3 0
42 3 0
43 3 0
44 3 0
45 3 0
46 3 0
47 3 0
48 3 0
49 3 0
50 3 0
51 3 0
52 3 0
53 3 0
54 3 0
55 3 0
56 3 0
57 3 0
58 3 0
59 3 0
60 3 0
61 3 0
62 3 0
63 3 0
64 3 0
65 3 0
66 3 0
67 3 0
68 3 0
69 3 0
70 3 0
71 3 0
72 3 0
73 3 0
74 3 0
75 3 0
76 3 0
77 3 0
78 3 0
79 3 0
0 4 0
1 4 0
2 4 0
3 4 0
4 4 0
5 4 0
6 4 0
7 4 0
8 4 0
9 4 0
10 4 0
11 4 0
12 4 0
13 4 0
14 4 0
15 4 0
16 4 0
17 4 0
18 4 0
19 4 0
20 4 0
21 4 0
22 4 0
23 4 0
24 4 0
25 4 0
26 4 0
27 4 0
28 4 0
29 4 0
30 4 0
31 4 0
32 4 0
33 4 0
34 4 0
35 4 0
36 4 0
37 4 0
38 4 0
39 4 0
40 4 0
41 4 0
42 4 0
43 4 0
44 4 0
45 4 0
46 4 0
47 4 0
48 4 0
49 4 0
50 4 0
51 4 0
52 4 0
53 4 0
54 4 0
55 4 0
56 4 0
57 4 0
58 4 0
59 4 0
60 4 0
61 4 0
62 4 0
63 4 0
64 4 0
65 4 0
66 4 0
67 4 0
68 4 0
69 4 0
70 4 0
71 4 0
72 4 0
73 4 0
74 4 0
75 4 0
76 4 0
77 4 0
78 4 0
79 4 0
0 5 0
1 5 0
2 5 0
3 5 0
4 5 0
5 5 0
6 5 0
7 5 0
8 5 0
9 5 0
10 5 0
11 5 0
12 5 0
13 5 0
14 5 0
15 5 0
16 5 0
17 5 0
18 5 0
19 5 0
20 5 0
21 5 0
22 5 0
23 5 0
24 5 0
25 5 0
26 5 0
27 5 0
28 5 0
29 5 0
30 5 0
31 5 0
32 5 0
33 5 0
34 5 0
35 5 0
36 5 0
37 5 0
38 5 0
39 5 0
40 5 0
41 5 0
42 5 0
43 5 0
44 5 0
45 5 0
46 5 0
47 5 0
48 5 0
49 5 0
50 5 0
51 5 0
52 5 0
53 5 0
54 5 0
55 5 0
56 5 0
57 5 0
58 5 0
59 5 0
60 5 0
61 5 0
62 5 0
63 5 0
64 5 0
65 5 0
66 5 0
67 5 0
68 5 0
69 5 0
70 5 0
71 5 0
72 5 0
73 5 0
74 5 0
75 5 0
76 5 0
77 5 0
78 5 0
79 5 0
0 6 0
1 6 0
2 6 0
3 6 0
4 6 0
5 6 0
6 6 0
7 6 0
8 6 0
9 6 0
10 6 0
11 6 0
12 6 0
13 6 0
14 6 0
15 6 0
16 6 0
17 6 0
18 6 0
19 6 0
20 6 0
21 6 0
22 6 0
23 6 0
24 6 0
25 6 0
26 6 0
27 6 0
28 6 0
29 6 0
30 6 0
31 6 0
32 6 0
33 6 0
34 6 0
35 6 0
36 6 0
37 6 0
38 6 0
39 6 0
40 6 0
41 6 0
42 6 0
43 6 0
44 6 0
45 6 0
46 6 0
47 6 0
48 6 0
49 6 0
50 6 0
51 6 0
52 6 0
53 6 0
54 6 0
55 6 0
56 6 0
57 6 0
58 6 0
59 6 0
60 6 0
61 6 0
62 6 0
63 6 0
64 6 0
65 6 0
66 6 0
67 6 0
68 6 0
69 6 0
70 6 0
71 6 0
72 6 0
73 6 0
74 6 0
75 6 0
76 6 0
77 6 0
78 6 0
79 6 0
0 7 0
1 7 0
2 7 0
3 7 0
4 7 0
5 7 0
6 7 0
7 7 0
8 7 0
9 7 0
10 7 0
11 7 0
12 7 0
13 7 0
14 7 0
15 7 0
16 7 0
17 7 0
18 7 0
19 7 0
20 7 0
21 7 0
22 7 0
23 7 0
24 7 0
25 7 0
26 7 0
27 7 0
28 7 0
29 7 0
30 7 0
31 7 0
32 7 0
33 7 0
34 7 0
35 7 0
36 7 0
37 7 0
38 7 0
39 7 0
40 7 0
41 7 0
42 7 0
43 7 0
44 7 0
45 7 0
46 7 0
47 7 0
48 7 0
49 7 0
50 7 0
51 7 0
52 7 0
53 7 0
54 7 0
55 7 0
56 7 0
57 7 0
58 7 0
59 7 0
60 7 0
61 7 0
62 7 0
63 7 0
64 7 0
65 7 0
66 7 0
67 7 0
68 7 0
69 7 0
70 7 0
71 7 0
72 7 0
73 7 0
74 7 0
75 7 0
76 7 0
77 7 0
78 7 0
79 7 0
0 8 0
1 8 0
2 8 0
3 8 0
4 8 0
5 8 0
6 8 0
7 8 0
8 8 0
9 8 0
10 8 0
11 8 0
12 8 0
13 8 0
14 8 0
15 8 0
16 8 0
17 8 0
18 8 0
19 8 0
20 8 0
21 8 0
22 8 0
23 8 0
24 8 0
25 8 0
26 8 0
27 8 0
28 8 0
29 8 0
30 8 0
31 8 0
32 8 0
33 8 0
34 8 0
35 8 0
36 8 0
37 8 0
38 8 0
39 8 0
40 8 0
41 8 0
42 8 0
43 8 0
44 8 0
45 8 0
46 8 0
47 8 0
48 8 0
49 8 0
50 8 0
51 8 0
52 8 0
53 8 0
54 8 0
55 8 0
56 8 0
57 8 0
58 8 0
59 8 0
60 8 0
61 8 0
62 8 0
63 8 0
64 8 0
65 8 0
66 8 0
67 8 0
68 8 0
69 8 0
70 8 0
71 8 0
72 8 0
73 8 0
74 8 0
75 8 0
76 8 0
77 8 0
78 8 0
79 8 0
0 9 0
1 9 0
2 9 0
3 9 0
4 9 0
5 9 0
6 9 0
7 9 0
8 9 0
9 9 0
10 9 0
11 9 0
12 9 0
13 9 0
14 9 0
15 9 0
16 9 0
17 9 0
18 9 0
19 9 0
20 9 0
21 9 0
22 9 0
23 9 0
24 9 0
25 9 0
26 9 0
27 9 0
28 9 0
29 9 0
30 9 0
31 9 0
32 9 0
33 9 0
34 9 0
35 9 0
36 9 0
37 9 0
38 9 0
39 9 0
40 9 0
41 9 0
42 9 0
43 9 0
44 9 0
45 9 0
46 9 0
47 9 0
48 9 0
49 9 0
50 9 0
51 9 0
52 9 0
53 9 0
54 9 0
55 9 0
56 9 0
57 9 0
58 9 0
59 9 0
60 9 0
61 9 0
62 9 0
63 9 0
64 9 0
65 9 0
66 9 0
67 9 0
68 9 0
69 9 0
70 9 0
71 9 0
72 9 0
73 9 0
74 9 0
75 9 0
76 9 0
77 9 0
78 9 0
79 9 0
0 10 0
1 10 0
2 10 0
3 10 0
4 10 0
5 10 0
6 10 0
7 10 0
8 10 0
9 10 0
10 10 0
11 10 0
12 10 0
13 10 0
14 10 0
15 10 0
16 10 0
17 10 0
18 10 0
19 10 0
20 10 0
21 10 0
22 10 0
23 10 0
24 10 0
25 10 0
26 10 0
27 10 0
28 10 0
29 10 0
30 10 3
31 10 5367
32 10 120
33 10 0
34 10 0
35 10 0
36 10 0
37 10 0
38 10 0
39 10 0
40 10 0
41 10 0
42 10 0
43 10 0
44 10 0
45 10 0
46 10 0
47 10 0
48 10 0
49 10 0
50 10 0
51 10 0
52 10 0
53 10 0
54 10 0
55 10 0
56 10 0
57 10 0
58 10 0
59 10 0
60 10 0
61 10 0
62 10 0
63 10 0
64 10 0
65 10 0
66 10 0
67 10 0
68 10 0
69 10 0
70 10 0
71 10 0
72 10 0
73 10 0
74 10 0
75 10 0
76 10 0
77 10 0
78 10 0
79 10 0
0 11 0
1 11 0
2 11 0
3 11 0
4 11 0
5 11 0
6 11 0
7 11 0
8 11 0
9 11 0
10 11 0
11 11 0
12 11 0
13 11 0
14 11 0
15 11 0
16 11 0
17 11 0
18 11 0
19 11 0
20 11 0
21 11 0
22 11 0
23 11 0
24 11 0
25 11 0
26 11 0
27 11 0
28 11 0
29 11 0
30 11 84
31 11 6563
32 11 2589
33 11 13
34 11 0
35 11 0
36 11 0
37 11 0
38 11 0
39 11 0
40 11 0
41 11 0
42 11 0
43 11 0
44 11 0
45 11 0
46 11 0
47 11 0
48 11 0
49 11 0
50 11 0
51 11 0
52 11 0
53 11 0
54 11 0
55 11 0
56 11 0
57 11 0
58 11 0
59 11 0
60 11 0
61 11 0
62 11 0
63 11 0
64 11 0
65 11 0
66 11 0
67 11 0
68 11 0
69 11 0
70 11 0
71 11 0
72 11 0
73 11 0
74 11 0
75 11 0
76 11 0
77 11 0
78 11 0
79 11 0
0 12 0
1 12 0
2 12 0
3 12 0
4 12 0
5 12 0
6 12 0
7 12 0
8 12 0
9 12 0
10 12 0
11 12 0
12 12 0
13 12 0
14 12 0
15 12 0
16 12 0
17 12 0
18 12 0
19 12 0
20 12 0
21 12 0
22 12 0
23 12 0
24 12 0
25 12 0
26 12 0
27 12 0
28 12 0
29 12 0
30 12 105
31 12 3486
32 12 5915
33 12 455
34 12 2
35 12 0
36 12 0
37 12 0
38 12 0
39 12 0
40 12 0
41 12 0
42 12 0
43 12 0
44 12 0
45 12 0
46 12 0
47 12 0
48 12 0
49 12 0
50 12 0
51 12 0
52 12 0
53 12 0
54 12 0
55 12 0
56 12 0
57 12 0
58 12 0
59 12 0
60 12 0
61 12 0
62 12 0
63 12 0
64 12 0
65 12 0
66 12 0
67 12 0
68 12 0
69 12 0
70 12 0
71 12 0
72 12 0
73 12 0
74 12 0
75 12 0
76 12 0
77 12 0
78 12 0
79 12 0
0 13 0
1 13 0
2 13 0
3 13 0
4 13 0
5 13 0
6 13 0
7 13 0
8 13 0
9 13 0
10 13 0
11 13 0
12 13 0
13 13 0
14 13 0
15 13 0
16 13 0
17 13 0
18 13 0
19 13 0
20 13 0
21 13 0
22 13 0
23 13 0
24 13 0
25 13 0
26 13 0
27 13 0
28 13 0
29 13 0
30 13 151
31 13 1721
32 13 5829
33 13 3119
34 13 151
35 13 0
36 13 0
37 13 0
38 13 0
39 13 0
40 13 0
41 13 0
42 13 0
43 13 0
44 13 0
45 13 0
46 13 0
47 13 0
48 13 0
49 13 0
50 13 0
51 13 0
52 13 0
53 13 0
54 13 0
55 13 0
56 13 0
57 13 0
58 13 0
59 13 0
60 13 0
61 13 0
62 13 0
63 13 0
64 13 0
65 13 0
66 13 0
67 13 0
68 13 0
69 13 0
70 13 0
71 13 0
72 13 0
73 13 0
74 13 0
75 13 0
76 13 0
77 13 0
78 13 0
79 13 0
0 14 0
1 14 0
2 14 0
3 14 0
4 14 0
5 14 0
6 14 0
7 14 0
8 14 0
9 14 0
10 14 0
11 14 0
12 14 0
13 14 0
14 14 0
15 14 0
16 14 0
17 14 0
18 14 0
19 14 0
20 14 0
21 14 0
22 14 0
23 14 0
24 14 0
25 14 0
26 14 0
27 14 0
28 14 0
29 14 0
30 14 282
31 14 1009
32 14 2798
33 14 5358
34 14 2134
35 14 141
36 14 2
37 14 0
38 14 0
39 14 0
40 14 0
41 14 0
42 14 0
43 14 0
44 14 0
45 14 0
46 14 0
47 14 0
48 14 0
49 14 0
50 14 0
51 14 0
52 14 0
53 14 0
54 14 0
55 14 0
56 14 0
57 14 0
58 14 0
59 14 0
60 14 0
61 14 0
62 14 0
63 14 0
64 14 0
65 14 0
66 14 0
67 14 0
68 14 0
69 14 0
70 14 0
71 14 0
72 14 0
73 14 0
74 14 0
75 14 0
76 14 0
77 14 0
78 14 0
79 14 0
0 15 0
1 15 0
2 15 0
3 15 0
4 15 0
5 15 0
6 15 0
7 15 0
8 15 0
9 15 0
10 15 0
11 15 0
12 15 0
13 15 0
14 15 0
15 15 0
16 15 0
17 15 0
18 15 0
19 15 0
20 15 0
21 15 0
22 15 0
23 15 0
24 15 0
25 15 0
26 15 0
27 15 0
28 15 0
29 15 24
30 15 500
31 15 673
32 15 1057
33 15 2973
34 15 5026
35 15 2333
36 15 181
37 15 0
38 15 0
39 15 0
40 15 0
41 15 0
42 15 0
43 15 0
44 15 0
45 15 0
46 15 0
47 15 0
48 15 0
49 15 0
50 15 0
51 15 0
52 15 0
53 15 0
54 15 0
55 15 0
56 15 0
57 15 0
58 15 0
59 15 0
60 15 0
61 15 0
62 15 0
63 15 0
64 15 0
65 15 0
66 15 0
67 15 0
68 15 0
69 15 0
70 15 0
71 15 0
72 15 0
73 15 0
74 15 0
75 15 0
76 15 0
77 15 0
78 15 0
79 15 0
0 16 0
1 16 0
2 16 0
3 16 0
4 16 0
5 16 0
6 16 0
7 16 0
8 16 0
9 16 0
10 16 0
11 16 0
12 16 0
13 16 0
14 16 0
15 16 0
16 16 0
17 16 0
18 16 0
19 16 0
20 16 0
21 16 0
22 16 0
23 16 0
24 16 0
25 16 0
26 16 0
27 16 0
28 16 0
29 16 172
30 16 660
31 16 374
32 16 359
33 16 796
34 16 2516
35 16 4980
36 16 3127
37 16 316
38 16 5
39 16 0
40 16 0
41 16 0
42 16 0
43 16 0
44 16 0
45 16 0
46 16 0
47 16 0
48 16 0
49 16 0
50 16 0
51 16 0
52 16 0
53 16 0
54 16 0
55 16 0
56 16 0
57 16 0
58 16 0
59 16 0
60 16 0
61 16 0
62 16 0
63 16 0
64 16 0
65 16 0
66 16 0
67 16 0
68 16 0
69 16 0
70 16 0
71 16 0
72 16 0
73 16 0
74 16 0
75 16 0
76 16 0
77 16 0
78 16 0
79 16 0
0 17 0
1 17 0
2 17 0
3 17 0
4 17 0
5 17 0
6 17 0
7 17 0
8 17 0
9 17 0
10 17 0
11 17 0
12 17 0
13 17 0
14 17 0
15 17 0
16 17 0
17 17 0
18 17 0
19 17 0
20 17 0
21 17 0
22 17 0
23 17 0
24 17 0
25 17 0
26 17 0
27 17 0
28 17 24
29 17 499
30 17 503
31 17 193
32 17 122
33 17 192
34 17 379
35 17 1747
36 17 4693
37 17 4098
38 17 376
39 17 0
40 17 0
41 17 0
42 17 0
43 17 0
44 17 0
45 17 0
46 17 0
47 17 0
48 17 0
49 17 0
50 17 0
51 17 0
52 17 0
53 17 0
54 17 0
55 17 0
56 17 0
57 17 0
58 17 0
59 17 0
60 17 0
61 17 0
62 17 0
63 17 0
64 17 0
65 17 0
66 17 0
67 17 0
68 17 0
69 17 0
70 17 0
71 17 0
72 17 0
73 17 0
74 17 0
75 17 0
76 17 0
77 17 0
78 17 0
79 17 0
0 18 0
1 18 0
2 18 0
3 18 0
4 18 0
5 18 0
6 18 0
7 18 0
8 18 0
9 18 0
10 18 0
11 18 0
12 18 0
13 18 0
14 18 0
15 18 0
16 18 0
17 18 0
18 18 0
19 18 0
20 18 0
21 18 0
22 18 0
23 18 0
24 18 0
25 18 0
26 18 0
27 18 0
28 18 199
29 18 641
30 18 274
31 18 98
32 18 57
33 18 66
34 18 77
35 18 194
36 18 1001
37 18 3987
38 18 5000
39 18 418
40 18 0
41 18 0
42 18 0
43 18 0
44 18 0
45 18 0
46 18 0
47 18 0
48 18 0
49 18 0
50 18 0
51 18 0
52 18 0
53 18 0
54 18 0
55 18 0
56 18 0
57 18 0
58 18 0
59 18 0
60 18 0
61 18 0
62 18 0
63 18 0
64 18 0
65 18 0
66 18 0
67 18 0
68 18 0
69 18 0
70 18 0
71 18 0
72 18 0
73 18 0
74 18 0
75 18 0
76 18 0
77 18 0
78 18 0
79 18 0
0 19 0
1 19 0
2 19 0
3 19 0
4 19 0
5 19 0
6 19 0
7 19 0
8 19 0
9 19 0
10 19 0
11 19 0
12 19 0
13 19 0
14 19 0
15 19 0
16 19 0
17 19 0
18 19 0
19 19 0
20 19 0
21 19 0
22 19 0
23 19 0
24 19 0
25 19 0
26 19 0
27 19 10
28 19 505
29 19 493
30 19 130
31 19 46
32 19 38
33 19 24
34 19 27
35 19 19
36 19 77
37 19 617
38 19 3371
39 19 5480
40 19 446
41 19 0
42 19 0
43 19 0
44 19 0
45 19 0
46 19 0
47 19 0
48 19 0
49 19 0
50 19 0
51 19 0
52 19 0
53 19 0
54 19 0
55 19 0
56 19 0
57 19 0
58 19 0
59 19 0
60 19 0
61 19 0
62 19 0
63 19 0
64 19 0
65 19 0
66 19 0
67 19 0
68 19 0
69 19 0
70 19 0
71 19 0
72 19 0
73 19 0
74 19 0
75 19 0
76 19 0
77 19 0
78 19 0
79 19 0
0 20 0
1 20 0
2 20 0
3 20 0
4 20 0
5 20 0
6 20 0
7 20 0
8 20 0
9 20 0
10 20 0
11 20 0
12 20 0
13 20 0
14 20 0
15 20 0
16 20 0
17 20 0
18 20 0
19 20 0
20 20 0
21 20 0
22 20 0
23 20 0
24 20 0
25 20 0
26 20 0
27 20 105
28 20 737
29 20 248
30 20 66
31 20 27
32 20 19
33 20 18
34 20 20
35 20 7
36 20 22
37 20 55
38 20 427
39 20 2976
40 20 5794
41 20 461
42 20 0
43 20 0
44 20 0
45 20 0
46 20 0
47 20 0
48 20 0
49 20 0
50 20 0
51 20 0
52 20 0
53 20 0
54 20 0
55 20 0
56 20 0
57 20 0
58 20 0
59 20 0
60 20 0
61 20 0
62 20 0
63 20 0
64 20 0
65 20 0
66 20 0
67 20 0
68 20 0
69 20 0
70 20 0
71 20 0
72 20 0
73 20 0
74 20 0
75 20 0
76 20 0
77 20 0
78 20 0
79 20 0
0 21 0
1 21 0
2 21 0
3 21 0
4 21 0
5 21 0
6 21 0
7 21 0
8 21 0
9 21 0
10 21 0
11 21 0
12 21 0
13 21 0
14 21 0
15 21 0
16 21 0
17 21 0
18 21 0
19 21 0
20 21 0
21 21 0
22 21 0
23 21 0
24 21 0
25 21 0
26 21 0
27 21 422
28 21 567
29 21 125
30 21 35
31 21 27
32 21 26
33 21 19
34 21 11
35 21 10
36 21 21
37 21 14
38 21 53
39 21 372
40 21 2825
41 21 5847
42 21 451
43 21 0
44 21 0
45 21 0
46 21 0
47 21 0
48 21 0
49 21 0
50 21 0
51 21 0
52 21 0
53 21 0
54 21 0
55 21 0
56 21 0
57 21 0
58 21 0
59 21 0
60 21 0
61 21 0
62 21 0
63 21 0
64 21 0
65 21 0
66 21 0
67 21 0
68 21 0
69 21 0
70 21 0
71 21 0
72 21 0
73 21 0
74 21 0
75 21 0
76 21 0
77 21 0
78 21 0
79 21 0
0 22 0
1 22 0
2 22 0
3 22 0
4 22 0
5 22 0
6 22 0
7 22 0
8 22 0
9 22 0
10 22 0
11 22 0
12 22 0
13 22 0
14 22 0
15 22 0
16 22 0
17 22 0
18 22 0
19 22 0
20 22 0
21 22 0
22 22 0
23 22 0
24 22 0
25 22 0
26 22 20
27 22 816
28 22 258
29 22 60
30 22 28
31 22 21
32 22 20
33 22 12
34 22 10
35 22 16
36 22 16
37 22 18
38 22 17
39 22 49
40 22 324
41 22 2908
42 22 5729
43 22 347
44 22 0
45 22 0
46 22 0
47 22 0
48 22 0
49 22 0
50 22 0
51 22 0
52 22 0
53 22 0
54 22 0
55 22 0
56 22 0
57 22 0
58 22 0
59 22 0
60 22 0
61 22 0
62 22 0
63 22 0
64 22 0
65 22 0
66 22 0
67 22 0
68 22 0
69 22 0
70 22 0
71 22 0
72 22 0
73 22 0
74 22 0
75 22 0
76 22 0
77 22 0
78 22 0
79 22 0
0 23 0
1 23 0
2 23 0
3 23 0
4 23 0
5 23 0
6 23 0
7 23 0
8 23 0
9 23 0
10 23 0
11 23 0
12 23 0
13 23 0
14 23 0
15 23 0
16 23 0
17 23 0
18 23 0
19 23 0
20 23 0
21 23 0
22 23 0
23 23 0
24 23 0
25 23 0
26 23 209
27 23 791
28 23 127
29 23 37
30 23 17
31 23 9
32 23 6
33 23 2
34 23 4
35 23 2
36 23 0
37 23 3
38 23 9
39 23 21
40 23 46
41 23 339
42 23 3168
43 23 5503
44 23 235
45 23 0
46 23 0
47 23 0
48 23 0
49 23 0
50 23 0
51 23 0
52 23 0
53 23 0
54 23 0
55 23 0
56 23 0
57 23 0
58 23 0
59 23 0
60 23 0
61 23 0
62 23 0
63 23 0
64 23 0
65 23 0
66 23 0
67 23 0
68 23 0
69 23 0
70 23 0
71 23 0
72 23 0
73 23 0
74 23 0
75 23 0
76 23 0
77 23 0
78 23 0
79 23 0
0 24 0
1 24 0
2 24 0
3 24 0
4 24 0
5 24 0
6 24 0
7 24 0
8 24 0
9 24 0
10 24 0
11 24 0
12 24 0
13 24 0
14 24 0
15 24 0
16 24 0
17 24 0
18 24 0
19 24 0
20 24 0
21 24 0
22 24 0
23 24 0
24 24 0
25 24 0
26 24 620
27 24 441
28 24 64
29 24 12
30 24 7
31 24 8
32 24 7
33 24 10
34 24 3
35 24 0
36 24 0
37 24 1
38 24 9
39 24 12
40 24 11
41 24 37
42 24 337
43 24 3766
44 24 4827
45 24 97
46 24 0
47 24 0
48 24 0
49 24 0
50 24 0
51 24 0
52 24 0
53 24 0
54 24 0
55 24 0
56 24 0
57 24 0
58 24 0
59 24 0
60 24 0
61 24 0
62 24 0
63 24 0
64 24 0
65 24 0
66 24 0
67 24 0
68 24 0
69 24 0
70 24 0
71 24 0
72 24 0
73 24 0
74 24 0
75 24 0
76 24 0
77 24 0
78 24 0
79 24 0
0 25 0
1 25 0
2 25 0
3 25 0
4 25 0
5 25 0
6 25 0
7 25 0
8 25 0
9 25 0
10 25 0
11 25 0
12 25 0
13 25 0
14 25 0
15 25 0
16 25 0
17 25 0
18 25 0
19 25 0
20 25 0
21 25 0
22 25 0
23 25 0
24 25 0
25 25 34
26 25 954
27 25 181
28 25 18
29 25 14
30 25 8
31 25 3
32 25 4
33 25 1
34 25 4
35 25 7
36 25 9
37 25 10
38 25 3
39 25 0
40 25 1
41 25 9
42 25 41
43 25 400
44 25 4722
45 25 3618
46 25 25
47 25 0
48 25 0
49 25 0
50 25 0
51 25 0
52 25 0
53 25 0
54 25 0
55 25 0
56 25 0
57 25 0
58 25 0
59 25 0
60 25 0
61 25 0
62 25 0
63 25 0
64 25 0
65 25 0
66 25 0
67 25 0
68 25 0
69 25 0
70 25 0
71 25 0
72 25 0
73 25 0
74 25 0
75 25 0
76 25 0
77 25 0
78 25 0
79 25 0
0 26 0
1 26 0
2 26 0
3 26 0
4 26 0
5 26 0
6 26 0
7 26 0
8 26 0
9 26 0
10 26 0
11 26 0
12 26 0
13 26 0
14 26 0
15 26 0
16 26 0
17 26 0
18 26 0
19 26 0
20 26 0
21 26 0
22 26 0
23 26 0
24 26 0
25 26 268
26 26 826
27 26 56
28 26 9
29 26 4
30 26 3
31 26 4
32 26 0
33 26 0
34 26 1
35 26 4
36 26 3
37 26 1
38 26 0
39 26 4
40 26 3
41 26 0
42 26 1
43 26 37
44 26 591
45 26 6006
46 26 2017
47 26 10
48 26 0
49 26 0
50 26 0
51 26 0
52 26 0
53 26 0
54 26 0
55 26 0
56 26 0
57 26 0
58 26 0
59 26 0
60 26 0
61 26 0
62 26 0
63 26 0
64 26 0
65 26 0
66 26 0
67 26 0
68 26 0
69 26 0
70 26 0
71 26 0
72 26 0
73 26 0
74 26 0
75 26 0
76 26 0
77 26 0
78 26 0
79 26 0
0 27 0
1 27 0
2 27 0
3 27 0
4 27 0
5 27 0
6 27 0
7 27 0
8 27 0
9 27 0
10 27 0
11 27 0
12 27 0
13 27 0
14 27 0
15 27 0
16 27 0
17 27 0
18 27 0
19 27 0
20 27 0
21 27 0
22 27 0
23 27 0
24 27 1
25 27 777
26 27 371
27 27 12
28 27 3
29 27 4
30 27 2
31 27 0
32 27 2
33 27 4
34 27 5
35 27 0
36 27 0
37 27 3
38 27 4
39 27 0
40 27 0
41 27 0
42 27 0
43 27 3
44 27 40
45 27 1396
46 27 6243
47 27 725
48 27 1
49 27 0
50 27 0
51 27 0
52 27 0
53 27 0
54 27 0
55 27 0
56 27 0
57 27 0
58 27 0
59 27 0
60 27 0
61 27 0
62 27 0
63 27 0
64 27 0
65 27 0
66 27 0
67 27 0
68 27 0
69 27 0
70 27 0
71 27 0
72 27 0
73 27 0
74 27 0
75 27 0
76 27 0
77 27 0
78 27 0
79 27 0
0 28 0
1 28 0
2 28 0
3 28 0
4 28 0
5 28 0
6 28 0
7 28 0
8 28 0
9 28 0
10 28 0
11 28 0
12 28 0
13 28 0
14 28 0
15 28 0
16 28 0
17 28 0
18 28 0
19 28 0
20 28 0
21 28 0
22 28 0
23 28 0
24 28 59
25 28 1030
26 28 87
27 28 2
28 28 0
29 28 2
30 28 5
31 28 8
32 28 5
33 28 4
34 28 3
35 28 4
36 28 4
37 28 1
38 28 0
39 28 0
40 28 0
41 28 0
42 28 0
43 28 0
44 28 8
45 28 98
46 28 3408
47 28 4509
48 28 157
49 28 0
50 28 0
51 28 0
52 28 0
53 28 0
54 28 0
55 28 0
56 28 0
57 28 0
58 28 0
59 28 0
60 28 0
61 28 0
62 28 0
63 28 0
64 28 0
65 28 0
66 28 0
67 28 0
68 28 0
69 28 0
70 28 0
71 28 0
72 28 0
73 28 0
74 28 0
75 28 0
76 28 0
77 28 0
78 28 0
79 28 0
0 29 0
1 29 0
2 29 0
3 29 0
4 29 0
5 29 0
6 29 0
7 29 0
8 29 0
9 29 0
10 29 0
11 29 0
12 29 0
13 29 0
14 29 0
15 29 0
16 29 0
17 29 0
18 29 0
19 29 0
20 29 0
21 29 0
22 29 0
23 29 0
24 29 406
25 29 739
26 29 16
27 29 1
28 29 4
29 29 2
30 29 0
31 29 0
32 29 0
33 29 0
34 29 0
35 29 0
36 29 0
37 29 0
38 29 0
39 29 0
40 29 0
41 29 0
42 29 0
43 29 0
44 29 4
45 29 16
46 29 596
47 29 5468
48 29 1987
49 29 58
50 29 0
51 29 0
52 29 0
53 29 0
54 29 0
55 29 0
56 29 0
57 29 0
58 29 0
59 29 0
60 29 0
61 29 0
62 29 0
63 29 0
64 29 0
65 29 0
66 29 0
67 29 0
68 29 0
69 29 0
70 29 0
71 29 0
72 29 0
73 29 0
74 29 0
75 29 0
76 29 0
77 29 0
78 29 0
79 29 0
0 30 0
1 30 0
2 30 0
3 30 0
4 30 0
5 30 0
6 30 0
7 30 0
8 30 0
9 30 0
10 30 0
11 30 0
12 30 0
13 30 0
14 30 0
15 30 0
16 30 0
17 30 0
18 30 0
19 30 0
20 30 0
21 30 0
22 30 0
23 30 15
24 30 910
25 30 231
26 30 8
27 30 3
28 30 0
29 30 0
30 30 0
31 30 0
32 30 0
33 30 0
34 30 0
35 30 0
36 30 0
37 30 0
38 30 0
39 30 0
40 30 0
41 30 0
42 30 0
43 30 0
44 30 3
45 30 27
46 30 126
47 30 2616
48 30 4920
49 30 744
50 30 148
51 30 17
52 30 0
53 30 0
54 30 0
55 30 0
56 30 0
57 30 0
58 30 0
59 30 0
60 30 0
61 30 0
62 30 0
63 30 0
64 30 0
65 30 0
66 30 0
67 30 0
68 30 0
69 30 0
70 30 0
71 30 0
72 30 0
73 30 0
74 30 0
75 30 0
76 30 0
77 30 0
78 30 0
79 30 0
0 31 0
1 31 0
2 31 0
3 31 0
4 31 0
5 31 0
6 31 0
7 31 0
8 31 0
9 31 0
10 31 0
11 31 0
12 31 0
13 31 0
14 31 0
15 31 0
16 31 0
17 31 0
18 31 0
19 31 0
20 31 0
21 31 0
22 31 0
23 31 194
24 31 878
25 31 69
26 31 3
27 31 0
28 31 0
29 31 0
30 31 0
31 31 0
32 31 0
33 31 0
34 31 0
35 31 0
36 31 0
37 31 0
38 31 0
39 31 0
40 31 0
41 31 0
42 31 0
43 31 0
44 31 8
45 31 18
46 31 74
47 31 909
48 31 5044
49 31 2605
50 31 995
51 31 3375
52 31 8
53 31 0
54 31 0
55 31 0
56 31 0
57 31 0
58 31 0
59 31 0
60 31 0
61 31 0
62 31 0
63 31 0
64 31 0
65 31 0
66 31 0
67 31 0
68 31 0
69 31 0
70 31 0
71 31 0
72 31 0
73 31 0
74 31 0
75 31 0
76 31 0
77 31 0
78 31 0
79 31 0
0 32 0
1 32 0
2 32 0
3 32 0
4 32 0
5 32 0
6 32 0
7 32 0
8 32 0
9 32 0
10 32 0
11 32 0
12 32 0
13 32 0
14 32 0
15 32 0
16 32 0
17 32 0
18 32 0
19 32 0
20 32 0
21 32 0
22 32 2
23 32 579
24 32 523
25 32 48
26 32 3
27 32 0
28 32 0
29 32 0
30 32 0
31 32 0
32 32 0
33 32 0
34 32 0
35 32 0
36 32 0
37 32 0
38 32 0
39 32 0
40 32 0
41 32 0
42 32 0
43 32 0
44 32 6
45 32 24
46 32 69
47 32 346
48 32 3212
49 32 4761
50 32 1955
51 32 3608
52 32 270
53 32 0
54 32 0
55 32 0
56 32 0
57 32 0
58 32 0
59 32 0
60 32 0
61 32 0
62 32 0
63 32 0
64 32 0
65 32 0
66 32 0
67 32 0
68 32 0
69 32 0
70 32 0
71 32 0
72 32 0
73 32 0
74 32 0
75 32 0
76 32 0
77 32 0
78 32 0
79 32 0
0 33 0
1 33 0
2 33 0
3 33 0
4 33 0
5 33 0
6 33 0
7 33 0
8 33 0
9 33 0
10 33 0
11 33 0
12 33 0
13 33 0
14 33 0
15 33 0
16 33 0
17 33 0
18 33 0
19 33 0
20 33 0
21 33 0
22 33 45
23 33 803
24 33 281
25 33 67
26 33 6
27 33 0
28 33 0
29 33 0
30 33 0
31 33 0
32 33 0
33 33 0
34 33 0
35 33 0
36 33 0
37 33 0
38 33 0
39 33 0
40 33 0
41 33 0
42 33 0
43 33 2
44 33 7
45 33 40
46 33 101
47 33 234
48 33 1785
49 33 5182
50 33 3198
51 33 3103
52 33 930
53 33 9
54 33 0
55 33 0
56 33 0
57 33 0
58 33 0
59 33 0
60 33 0
61 33 0
62 33 0
63 33 0
64 33 0
65 33 0
66 33 0
67 33 0
68 33 0
69 33 0
70 33 0
71 33 0
72 33 0
73 33 0
74 33 0
75 33 0
76 33 0
77 33 0
78 33 0
79 33 0
0 34 0
1 34 0
2 34 0
3 34 0
4 34 0
5 34 0
6 34 0
7 34 0
8 34 0
9 34 0
10 34 0
11 34 0
12 34 0
13 34 0
14 34 0
15 34 0
16 34 0
17 34 0
18 34 0
19 34 0
20 34 0
21 34 0
22 34 260
23 34 747
24 34 158
25 34 65
26 34 27
27 34 0
28 34 0
29 34 0
30 34 0
31 34 0
32 34 0
33 34 0
34 34 0
35 34 0
36 34 0
37 34 0
38 34 0
39 34 0
40 34 0
41 34 0
42 34 0
43 34 9
44 34 22
45 34 65
46 34 144
47 34 253
48 34 1174
49 34 3814
50 34 4487
51 34 3571
52 34 2233
53 34 164
54 34 3
55 34 0
56 34 0
57 34 0
58 34 0
59 34 0
60 34 0
61 34 0
62 34 0
63 34 0
64 34 0
65 34 0
66 34 0
67 34 0
68 34 0
69 34 0
70 34 0
71 34 0
72 34 0
73 34 0
74 34 0
75 34 0
76 34 0
77 34 0
78 34 0
79 34 0
0 35 0
1 35 0
2 35 0
3 35 0
4 35 0
5 35 0
6 35 0
7 35 0
8 35 0
9 35 0
10 35 0
11 35 0
12 35 0
13 35 0
14 35 0
15 35 0
16 35 0
17 35 0
18 35 0
19 35 0
20 35 0
21 35 121
22 35 593
23 35 524
24 35 185
25 35 47
26 35 50
27 35 9
28 35 0
29 35 0
30 35 0
31 35 0
32 35 0
33 35 0
34 35 0
35 35 0
36 35 0
37 35 0
38 35 0
39 35 0
40 35 0
41 35 0
42 35 5
43 35 11
44 35 34
45 35 130
46 35 227
47 35 544
48 35 877
49 35 1704
50 35 3887
51 35 4790
52 35 4457
53 35 1149
54 35 45
55 35 0
56 35 0
57 35 0
58 35 0
59 35 0
60 35 0
61 35 0
62 35 0
63 35 0
64 35 0
65 35 0
66 35 0
67 35 0
68 35 0
69 35 0
70 35 0
71 35 0
72 35 0
73 35 0
74 35 0
75 35 0
76 35 0
77 35 0
78 35 0
79 35 0
0 36 0
1 36 0
2 36 0
3 36 0
4 36 0
5 36 0
6 36 0
7 36 0
8 36 0
9 36 0
10 36 0
11 36 0
12 36 0
13 36 0
14 36 0
15 36 0
16 36 0
17 36 0
18 36 0
19 36 0
20 36 0
21 36 3288
22 36 1866
23 36 674
24 36 221
25 36 93
26 36 52
27 36 42
28 36 6
29 36 0
30 36 0
31 36 0
32 36 0
33 36 0
34 36 0
35 36 0
36 36 0
37 36 0
38 36 0
39 36 0
40 36 0
41 36 4
42 36 7
43 36 23
44 36 100
45 36 247
46 36 511
47 36 682
48 36 480
49 36 572
50 36 1586
51 36 3496
52 36 5694
53 36 4662
54 36 846
55 36 31
56 36 0
57 36 0
58 36 0
59 36 0
60 36 0
61 36 0
62 36 0
63 36 0
64 36 0
65 36 0
66 36 0
67 36 0
68 36 0
69 36 0
70 36 0
71 36 0
72 36 0
73 36 0
74 36 0
75 36 0
76 36 0
77 36 0
78 36 0
79 36 0
0 37 0
1 37 0
2 37 0
3 37 0
4 37 0
5 37 0
6 37 0
7 37 0
8 37 0
9 37 0
10 37 0
11 37 0
12 37 0
13 37 0
14 37 0
15 37 0
16 37 0
17 37 0
18 37 0
19 37 0
20 37 44
21 37 1233
22 37 3166
23 37 2296
24 37 721
25 37 179
26 37 105
27 37 43
28 37 36
29 37 2
30 37 0
31 37 0
32 37 0
33 37 0
34 37 0
35 37 0
36 37 0
37 37 0
38 37 0
39 37 0
40 37 3
41 37 7
42 37 23
43 37 97
44 37 282
45 37 558
46 37 761
47 37 485
48 37 287
49 37 258
50 37 462
51 37 1131
52 37 3175
53 37 6367
54 37 5317
55 37 952
56 37 19
57 37 0
58 37 0
59 37 0
60 37 0
61 37 0
62 37 0
63 37 0
64 37 0
65 37 0
66 37 0
67 37 0
68 37 0
69 37 0
70 37 0
71 37 0
72 37 0
73 37 0
74 37 0
75 37 0
76 37 0
77 37 0
78 37 0
79 37 0
0 38 0
1 38 0
2 38 0
3 38 0
4 38 0
5 38 0
6 38 0
7 38 0
8 38 0
9 38 0
10 38 0
11 38 0
12 38 0
13 38 0
14 38 0
15 38 0
16 38 0
17 38 0
18 38 0
19 38 0
20 38 185
21 38 672
22 38 1046
23 38 2203
24 38 2310
25 38 1245
26 38 390
27 38 163
28 38 57
29 38 40
30 38 6
31 38 2
32 38 0
33 38 0
34 38 0
35 38 0
36 38 0
37 38 0
38 38 0
39 38 3
40 38 5
41 38 22
42 38 93
43 38 347
44 38 693
45 38 813
46 38 501
47 38 366
48 38 490
49 38 673
50 38 832
51 38 940
52 38 1260
53 38 2651
54 38 6305
55 38 6530
56 38 1310
57 38 12
58 38 0
59 38 0
60 38 0
61 38 0
62 38 0
63 38 0
64 38 0
65 38 0
66 38 0
67 38 0
68 38 0
69 38 0
70 38 0
71 38 0
72 38 0
73 38 0
74 38 0
75 38 0
76 38 0
77 38 0
78 38 0
79 38 0
0 39 0
1 39 0
2 39 0
3 39 0
4 39 0
5 39 0
6 39 0
7 39 0
8 39 0
9 39 0
10 39 0
11 39 0
12 39 0
13 39 0
14 39 0
15 39 0
16 39 0
17 39 0
18 39 0
19 39 18
20 39 442
21 39 699
22 39 466
23 39 592
24 39 1531
25 39 2343
26 39 1887
27 39 893
28 39 307
29 39 96
30 39 62
31 39 16
32 39 5
33 39 3
34 39 0
35 39 0
36 39 0
37 39 0
38 39 5
39 39 11
40 39 29
41 39 150
42 39 464
43 39 880
44 39 807
45 39 551
46 39 752
47 39 1027
48 39 1028
49 39 807
50 39 626
51 39 568
52 39 691
53 39 1116
54 39 2269
55 39 5993
56 39 7784
57 39 1701
58 39 11
59 39 0
60 39 0
61 39 0
62 39 0
63 39 0
64 39 0
65 39 0
66 39 0
67 39 0
68 39 0
69 39 0
70 39 0
71 39 0
72 39 0
73 39 0
74 39 0
75 39 0
76 39 0
77 39 0
78 39 0
79 39 0
0 40 0
1 40 0
2 40 0
3 40 0
4 40 0
5 40 0
6 40 0
7 40 0
8 40 0
9 40 0
10 40 0
11 40 0
12 40 0
13 40 0
14 40 0
15 40 0
16 40 0
17 40 0
18 40 0
19 40 171
20 40 827
21 40 480
22 40 280
23 40 284
24 40 427
25 40 947
26 40 1970
27 40 2456
28 40 1808
29 40 734
30 40 229
31 40 112
32 40 54
33 40 30
34 40 23
35 40 9
36 40 5
37 40 7
38 40 46
39 40 114
40 40 345
41 40 690
42 40 976
43 40 797
44 40 816
45 40 1115
46 40 919
47 40 449
48 40 128
49 40 62
50 40 37
51 40 48
52 40 58
53 40 97
54 40 332
55 40 1350
56 40 4915
57 40 8905
58 40 2127
59 40 7
60 40 0
61 40 0
62 40 0
63 40 0
64 40 0
65 40 0
66 40 0
67 40 0
68 40 0
69 40 0
70 40 0
71 40 0
72 40 0
73 40 0
74 40 0
75 40 0
76 40 0
77 40 0
78 40 0
79 40 0
0 41 0
1 41 0
2 41 0
3 41 0
4 41 0
5 41 0
6 41 0
7 41 0
8 41 0
9 41 0
10 41 0
11 41 0
12 41 0
13 41 0
14 41 0
15 41 0
16 41 0
17 41 0
18 41 40
19 41 710
20 41 708
21 41 373
22 41 340
23 41 326
24 41 291
25 41 344
26 41 507
27 41 1153
28 41 2212
29 41 2573
30 41 1618
31 41 792
32 41 449
33 41 286
34 41 214
35 41 190
36 41 230
37 41 336
38 41 465
39 41 695
40 41 827
41 41 855
42 41 850
43 41 1106
44 41 1040
45 41 467
46 41 142
47 41 54
48 41 46
49 41 30
50 41 32
51 41 30
52 41 25
53 41 42
54 41 77
55 41 203
56 41 813
57 41 3754
58 41 9420
59 41 2382
60 41 14
61 41 0
62 41 0
63 41 0
64 41 0
65 41 0
66 41 0
67 41 0
68 41 0
69 41 0
70 41 0
71 41 0
72 41 0
73 41 0
74 41 0
75 41 0
76 41 0
77 41 0
78 41 0
79 41 0
0 42 0
1 42 0
2 42 0
3 42 0
4 42 0
5 42 0
6 42 0
7 42 0
8 42 0
9 42 0
10 42 0
11 42 0
12 42 0
13 42 0
14 42 0
15 42 0
16 42 0
17 42 2
18 42 439
19 42 983
20 42 463
21 42 281
22 42 127
23 42 52
24 42 26
25 42 18
26 42 47
27 42 137
28 42 433
29 42 1320
30 42 2345
31 42 2188
32 42 1413
33 42 994
34 42 789
35 42 682
36 42 650
37 42 635
38 42 723
39 42 678
40 42 882
41 42 1258
42 42 1326
43 42 753
44 42 198
45 42 40
46 42 16
47 42 17
48 42 14
49 42 14
50 42 11
51 42 24
52 42 18
53 42 21
54 42 37
55 42 67
56 42 240
57 42 713
58 42 3056
59 42 9651
60 42 2213
61 42 9
62 42 0
63 42 0
64 42 0
65 42 0
66 42 0
67 42 0
68 42 0
69 42 0
70 42 0
71 42 0
72 42 0
73 42 0
74 42 0
75 42 0
76 42 0
77 42 0
78 42 0
79 42 0
0 43 0
1 43 0
2 43 0
3 43 0
4 43 0
5 43 0
6 43 0
7 43 0
8 43 0
9 43 0
10 43 0
11 43 0
12 43 0
13 43 0
14 43 0
15 43 0
16 43 0
17 43 187
18 43 1166
19 43 614
20 43 178
21 43 21
22 43 0
23 43 0
24 43 0
25 43 0
26 43 0
27 43 1
28 43 11
29 43 102
30 43 638
31 43 1681
32 43 2105
33 43 1705
34 43 1343
35 43 1038
36 43 900
37 43 854
38 43 944
39 43 1241
40 43 1530
41 43 1147
42 43 396
43 43 60
44 43 10
45 43 14
46 43 9
47 43 6
48 43 1
49 43 0
50 43 1
51 43 3
52 43 8
53 43 7
54 43 10
55 43 32
56 43 72
57 43 260
58 43 786
59 43 2961
60 43 9644
61 43 1581
62 43 0
63 43 0
64 43 0
65 43 0
66 43 0
67 43 0
68 43 0
69 43 0
70 43 0
71 43 0
72 43 0
73 43 0
74 43 0
75 43 0
76 43 0
77 43 0
78 43 0
79 43 0
0 44 0
1 44 0
2 44 0
3 44 0
4 44 0
5 44 0
6 44 0
7 44 0
8 44 0
9 44 0
10 44 0
11 44 0
12 44 0
13 44 0
14 44 0
15 44 0
16 44 54
17 44 1134
18 44 804
19 44 111
20 44 1
21 44 0
22 44 0
23 44 0
24 44 0
25 44 0
26 44 0
27 44 0
28 44 0
29 44 1
30 44 22
31 44 305
32 44 1242
33 44 1642
34 44 1394
35 44 1485
36 44 1382
37 44 1440
38 44 1572
39 44 1385
40 44 777
41 44 260
42 44 44
43 44 15
44 44 9
45 44 4
46 44 2
47 44 0
48 44 0
49 44 0
50 44 1
51 44 4
52 44 9
53 44 22
54 44 22
55 44 33
56 44 45
57 44 84
58 44 310
59 44 871
60 44 3473
61 44 9195
62 44 869
63 44 0
64 44 0
65 44 0
66 44 0
67 44 0
68 44 0
69 44 0
70 44 0
71 44 0
72 44 0
73 44 0
74 44 0
75 44 0
76 44 0
77 44 0
78 44 0
79 44 0
0 45 0
1 45 0
2 45 0
3 45 0
4 45 0
5 45 0
6 45 0
7 45 0
8 45 0
9 45 0
10 45 0
11 45 0
12 45 0
13 45 0
14 45 0
15 45 18
16 45 981
17 45 1002
18 45 114
19 45 0
20 45 0
21 45 0
22 45 0
23 45 0
24 45 0
25 45 0
26 45 0
27 45 0
28 45 0
29 45 0
30 45 0
31 45 7
32 45 219
33 45 1090
34 45 1061
35 45 609
36 45 673
37 45 944
38 45 913
39 45 496
40 45 163
41 45 49
42 45 28
43 45 23
44 45 17
45 45 6
46 45 9
47 45 1
48 45 3
49 45 11
50 45 24
51 45 23
52 45 21
53 45 15
54 45 14
55 45 10
56 45 31
57 45 44
58 45 107
59 45 362
60 45 1050
61 45 4575
62 45 8068
63 45 393
64 45 0
65 45 0
66 45 0
67 45 0
68 45 0
69 45 0
70 45 0
71 45 0
72 45 0
73 45 0
74 45 0
75 45 0
76 45 0
77 45 0
78 45 0
79 45 0
0 46 0
1 46 0
2 46 0
3 46 0
4 46 0
5 46 0
6 46 0
7 46 0
8 46 0
9 46 0
10 46 0
11 46 0
12 46 0
13 46 0
14 46 20
15 46 914
16 46 1091
17 46 165
18 46 4
19 46 0
20 46 0
21 46 0
22 46 0
23 46 0
24 46 0
25 46 0
26 46 0
27 46 0
28 46 0
29 46 0
30 46 0
31 46 0
32 46 9
33 46 353
34 46 1149
35 46 396
36 46 235
37 46 507
38 46 246
39 46 46
40 46 16
41 46 6
42 46 11
43 46 21
44 46 34
45 46 43
46 46 47
47 46 36
48 46 28
49 46 20
50 46 7
51 46 11
52 46 13
53 46 22
54 46 22
55 46 21
56 46 9
57 46 13
58 46 28
59 46 145
60 46 439
61 46 1310
62 46 6104
63 46 6226
64 46 111
65 46 0
66 46 0
67 46 0
68 46 0
69 46 0
70 46 0
71 46 0
72 46 0
73 46 0
74 46 0
75 46 0
76 46 0
77 46 0
78 46 0
79 46 0
0 47 0
1 47 0
2 47 0
3 47 0
4 47 0
5 47 0
6 47 0
7 47 0
8 47 0
9 47 0
10 47 0
11 47 0
12 47 0
13 47 50
14 47 932
15 47 1046
16 47 186
17 47 22
18 47 0
19 47 0
20 47 0
21 47 0
22 47 0
23 47 0
24 47 0
25 47 0
26 47 0
27 47 0
28 47 0
29 47 0
30 47 0
31 47 0
32 47 0
33 47 45
34 47 784
35 47 829
36 47 355
37 47 297
38 47 41
39 47 10
40 47 0
41 47 0
42 47 0
43 47 0
44 47 0
45 47 0
46 47 5
47 47 18
48 47 28
49 47 19
50 47 17
51 47 19
52 47 13
53 47 3
54 47 0
55 47 4
56 47 0
57 47 0
58 47 3
59 47 33
60 47 158
61 47 599
62 47 1758
63 47 7699
64 47 3939
65 47 44
66 47 0
67 47 0
68 47 0
69 47 0
70 47 0
71 47 0
72 47 0
73 47 0
74 47 0
75 47 0
76 47 0
77 47 0
78 47 0
79 47 0
0 48 0
1 48 0
2 48 0
3 48 0
4 48 0
5 48 0
6 48 0
7 48 0
8 48 0
9 48 0
10 48 0
11 48 0
12 48 165
13 48 1057
14 48 877
15 48 193
16 48 86
17 48 7
18 48 0
19 48 0
20 48 0
21 48 0
22 48 0
23 48 0
24 48 0
25 48 0
26 48 0
27 48 0
28 48 0
29 48 0
30 48 0
31 48 0
32 48 0
33 48 4
34 48 346
35 48 1090
36 48 506
37 48 188
38 48 3
39 48 0
40 48 0
41 48 0
42 48 0
43 48 0
44 48 0
45 48 0
46 48 0
47 48 0
48 48 0
49 48 8
50 48 7
51 48 5
52 48 0
53 48 0
54 48 0
55 48 3
56 48 5
57 48 0
58 48 0
59 48 7
60 48 62
61 48 201
62 48 859
63 48 2786
64 48 8231
65 48 1805
66 48 12
67 48 0
68 48 0
69 48 0
70 48 0
71 48 0
72 48 0
73 48 0
74 48 0
75 48 0
76 48 0
77 48 0
78 48 0
79 48 0
0 49 0
1 49 0
2 49 0
3 49 0
4 49 0
5 49 0
6 49 0
7 49 0
8 49 0
9 49 0
10 49 14
11 49 333
12 49 1106
13 49 640
14 49 178
15 49 97
16 49 36
17 49 3
18 49 0
19 49 0
20 49 0
21 49 0
22 49 0
23 49 0
24 49 0
25 49 0
26 49 0
27 49 0
28 49 0
29 49 0
30 49 0
31 49 0
32 49 0
33 49 0
34 49 111
35 49 1177
36 49 684
37 49 62
38 49 0
39 49 0
40 49 0
41 49 0
42 49 0
43 49 0
44 49 0
45 49 0
46 49 0
47 49 0
48 49 0
49 49 0
50 49 5
51 49 0
52 49 0
53 49 0
54 49 0
55 49 0
56 49 3
57 49 4
58 49 0
59 49 3
60 49 29
61 49 65
62 49 387
63 49 1280
64 49 4793
65 49 6654
66 49 620
67 49 2
68 49 0
69 49 0
70 49 0
71 49 0
72 49 0
73 49 0
74 49 0
75 49 0
76 49 0
77 49 0
78 49 0
79 49 0
0 50 0
1 50 0
2 50 0
3 50 0
4 50 0
5 50 0
6 50 0
7 50 0
8 50 2
9 50 34
10 50 469
11 50 993
12 50 538
13 50 166
14 50 82
15 50 73
16 50 16
17 50 2
18 50 0
19 50 0
20 50 0
21 50 0
22 50 0
23 50 0
24 50 0
25 50 0
26 50 0
27 50 0
28 50 0
29 50 0
30 50 0
31 50 0
32 50 0
33 50 0
34 50 55
35 50 1055
36 50 828
37 50 25
38 50 0
39 50 0
40 50 0
41 50 0
42 50 0
43 50 0
44 50 0
45 50 0
46 50 0
47 50 0
48 50 0
49 50 0
50 50 0
51 50 3
52 50 4
53 50 1
54 50 0
55 50 0
56 50 1
57 50 5
58 50 4
59 50 3
60 50 25
61 50 31
62 50 140
63 50 605
64 50 2208
65 50 6937
66 50 3621
67 50 168
68 50 0
69 50 0
70 50 0
71 50 0
72 50 0
73 50 0
74 50 0
75 50 0
76 50 0
77 50 0
78 50 0
79 50 0
0 51 0
1 51 0
2 51 0
3 51 0
4 51 0
5 51 0
6 51 0
7 51 3
8 51 39
9 51 413
10 51 869
11 51 520
12 51 182
13 51 78
14 51 66
15 51 48
16 51 15
17 51 1
18 51 0
19 51 0
20 51 0
21 51 0
22 51 0
23 51 0
24 51 0
25 51 0
26 51 0
27 51 0
28 51 0
29 51 0
30 51 0
31 51 0
32 51 0
33 51 0
34 51 44
35 51 1057
36 51 848
37 51 10
38 51 0
39 51 0
40 51 0
41 51 0
42 51 0
43 51 0
44 51 0
45 51 0
46 51 0
47 51 0
48 51 0
49 51 0
50 51 0
51 51 0
52 51 0
53 51 3
54 51 3
55 51 2
56 51 0
57 51 0
58 51 2
59 51 8
60 51 27
61 51 26
62 51 44
63 51 281
64 51 1119
65 51 4381
66 51 6280
67 51 1264
68 51 34
69 51 0
70 51 0
71 51 0
72 51 0
73 51 0
74 51 0
75 51 0
76 51 0
77 51 0
78 51 0
79 51 0
0 52 0
1 52 0
2 52 0
3 52 0
4 52 0
5 52 0
6 52 0
7 52 25
8 52 251
9 52 778
10 52 660
11 52 237
12 52 90
13 52 67
14 52 62
15 52 36
16 52 13
17 52 0
18 52 0
19 52 0
20 52 0
21 52 0
22 52 0
23 52 0
24 52 0
25 52 0
26 52 0
27 52 0
28 52 0
29 52 0
30 52 0
31 52 0
32 52 0
33 52 0
34 52 32
35 52 1125
36 52 761
37 52 10
38 52 0
39 52 0
40 52 0
41 52 0
42 52 0
43 52 0
44 52 0
45 52 0
46 52 0
47 52 0
48 52 0
49 52 0
50 52 0
51 52 0
52 52 0
53 52 0
54 52 0
55 52 2
56 52 5
57 52 0
58 52 0
59 52 0
60 52 29
61 52 25
62 52 31
63 52 131
64 52 617
65 52 2774
66 52 6158
67 52 3562
68 52 322
69 52 4
70 52 0
71 52 0
72 52 0
73 52 0
74 52 0
75 52 0
76 52 0
77 52 0
78 52 0
79 52 0
0 53 0
1 53 0
2 53 0
3 53 0
4 53 0
5 53 0
6 53 5
7 53 106
8 53 561
9 53 718
10 53 393
11 53 145
12 53 66
13 53 69
14 53 70
15 53 33
16 53 13
17 53 3
18 53 0
19 53 0
20 53 0
21 53 0
22 53 0
23 53 0
24 53 0
25 53 0
26 53 0
27 53 0
28 53 0
29 53 0
30 53 0
31 53 0
32 53 0
33 53 0
34 53 75
35 53 1216
36 53 655
37 53 11
38 53 0
39 53 0
40 53 0
41 53 0
42 53 0
43 53 0
44 53 0
45 53 0
46 53 0
47 53 0
48 53 0
49 53 0
50 53 0
51 53 0
52 53 0
53 53 0
54 53 0
55 53 0
56 53 0
57 53 7
58 53 0
59 53 1
60 53 18
61 53 62
62 53 40
63 53 84
64 53 366
65 53 1658
66 53 4765
67 53 5531
68 53 1417
69 53 110
70 53 0
71 53 0
72 53 0
73 53 0
74 53 0
75 53 0
76 53 0
77 53 0
78 53 0
79 53 0
0 54 0
1 54 0
2 54 0
3 54 0
4 54 0
5 54 0
6 54 15
7 54 260
8 54 834
9 54 680
10 54 188
11 54 114
12 54 146
13 54 140
14 54 90
15 54 39
16 54 17
17 54 1
18 54 0
19 54 0
20 54 0
21 54 0
22 54 0
23 54 0
24 54 0
25 54 0
26 54 0
27 54 0
28 54 0
29 54 0
30 54 0
31 54 0
32 54 0
33 54 3
34 54 138
35 54 1197
36 54 601
37 54 15
38 54 0
39 54 0
40 54 0
41 54 0
42 54 0
43 54 0
44 54 0
45 54 0
46 54 0
47 54 0
48 54 0
49 54 0
50 54 0
51 54 0
52 54 0
53 54 0
54 54 0
55 54 0
56 54 0
57 54 5
58 54 6
59 54 14
60 54 16
61 54 52
62 54 78
63 54 110
64 54 285
65 54 1059
66 54 3503
67 54 5570
68 54 3852
69 54 554
70 54 41
71 54 0
72 54 0
73 54 0
74 54 0
75 54 0
76 54 0
77 54 0
78 54 0
79 54 0
0 55 0
1 55 0
2 55 0
3 55 0
4 55 0
5 55 0
6 55 60
7 55 591
8 55 1017
9 55 464
10 55 245
11 55 222
12 55 178
13 55 129
14 55 62
15 55 37
16 55 8
17 55 0
18 55 0
19 55 0
20 55 0
21 55 0
22 55 0
23 55 0
24 55 0
25 55 0
26 55 0
27 55 0
28 55 0
29 55 0
30 55 0
31 55 0
32 55 0
33 55 8
34 55 226
35 55 1139
36 55 571
37 55 27
38 55 7
39 55 0
40 55 0
41 55 0
42 55 0
43 55 0
44 55 0
45 55 0
46 55 0
47 55 0
48 55 0
49 55 0
50 55 0
51 55 0
52 55 0
53 55 0
54 55 0
55 55 0
56 55 0
57 55 1
58 55 0
59 55 1
60 55 18
61 55 74
62 55 87
63 55 179
64 55 323
65 55 820
66 55 2381
67 55 4627
68 55 5721
69 55 2412
70 55 238
71 55 12
72 55 0
73 55 0
74 55 0
75 55 0
76 55 0
77 55 0
78 55 0
79 55 0
0 56 0
1 56 0
2 56 0
3 56 0
4 56 0
5 56 4
6 56 299
7 56 1263
8 56 1071
9 56 840
10 56 847
11 56 719
12 56 483
13 56 291
14 56 132
15 56 48
16 56 11
17 56 2
18 56 0
19 56 0
20 56 0
21 56 0
22 56 0
23 56 0
24 56 0
25 56 0
26 56 0
27 56 0
28 56 0
29 56 0
30 56 0
31 56 0
32 56 0
33 56 30
34 56 322
35 56 1028
36 56 578
37 56 62
38 56 9
39 56 0
40 56 0
41 56 0
42 56 0
43 56 0
44 56 0
45 56 0
46 56 0
47 56 0
48 56 0
49 56 0
50 56 0
51 56 0
52 56 4
53 56 3
54 56 2
55 56 1
56 56 7
57 56 9
58 56 8
59 56 24
60 56 35
61 56 72
62 56 208
63 56 403
64 56 606
65 56 931
66 56 1954
67 56 3569
68 56 5586
69 56 5366
70 56 1577
71 56 128
72 56 5
73 56 0
74 56 0
75 56 0
76 56 0
77 56 0
78 56 0
79 56 0
0 57 0
1 57 0
2 57 0
3 57 0
4 57 0
5 57 68
6 57 1336
7 57 2675
8 57 3116
9 57 3284
10 57 3008
11 57 2366
12 57 1672
13 57 1054
14 57 535
15 57 207
16 57 52
17 57 8
18 57 8
19 57 3
20 57 1
21 57 0
22 57 0
23 57 0
24 57 0
25 57 0
26 57 0
27 57 0
28 57 0
29 57 0
30 57 0
31 57 0
32 57 8
33 57 72
34 57 451
35 57 1111
36 57 693
37 57 125
38 57 18
39 57 6
40 57 0
41 57 0
42 57 0
43 57 0
44 57 0
45 57 0
46 57 0
47 57 5
48 57 6
49 57 5
50 57 12
51 57 5
52 57 5
53 57 12
54 57 12
55 57 9
56 57 7
57 57 14
58 57 25
59 57 29
60 57 109
61 57 265
62 57 505
63 57 689
64 57 980
65 57 1438
66 57 1933
67 57 2960
68 57 4856
69 57 6910
70 57 5433
71 57 1158
72 57 64
73 57 0
74 57 0
75 57 0
76 57 0
77 57 0
78 57 0
79 57 0
0 58 0
1 58 0
2 58 0
3 58 0
4 58 0
5 58 1296
6 58 6978
7 58 7978
8 58 7138
9 58 6399
10 58 6037
11 58 5855
12 58 5350
13 58 4334
14 58 2839
15 58 1519
16 58 663
17 58 194
18 58 47
19 58 9
20 58 11
21 58 9
22 58 6
23 58 0
24 58 0
25 58 0
26 58 0
27 58 0
28 58 0
29 58 0
30 58 0
31 58 9
32 58 77
33 58 316
34 58 973
35 58 1811
36 58 1554
37 58 489
38 58 93
39 58 17
40 58 4
41 58 4
42 58 1
43 58 0
44 58 0
45 58 4
46 58 4
47 58 0
48 58 0
49 58 0
50 58 3
51 58 6
52 58 5
53 58 1
54 58 7
55 58 21
56 58 40
57 58 62
58 58 100
59 58 203
60 58 414
61 58 687
62 58 952
63 58 1343
64 58 1947
65 58 2493
66 58 3306
67 58 3910
68 58 4641
69 58 6474
70 58 8776
71 58 6477
72 58 1373
73 58 57
74 58 0
75 58 0
76 58 0
77 58 0
78 58 0
79 58 0
0 59 0
1 59 0
2 59 0
3 59 0
4 59 0
5 59 7452
6 59 5931
7 59 2218
8 59 1007
9 59 809
10 59 1069
11 59 1678
12 59 2866
13 59 4541
14 59 5981
15 59 6283
16 59 5244
17 59 3560
18 59 1891
19 59 847
20 59 278
21 59 82
22 59 42
23 59 15
24 59 9
25 59 6
26 59 4
27 59 5
28 59 10
29 59 27
30 59 232
31 59 750
32 59 1705
33 59 2956
34 59 4474
35 59 5477
36 59 5695
37 59 3825
38 59 1797
39 59 546
40 59 101
41 59 21
42 59 6
43 59 9
44 59 7
45 59 3
46 59 4
47 59 3
48 59 9
49 59 10
50 59 11
51 59 14
52 59 24
53 59 39
54 59 54
55 59 77
56 59 97
57 59 217
58 59 470
59 59 808
60 59 1186
61 59 1824
62 59 2835
63 59 4060
64 59 5076
65 59 5638
66 59 5858
67 59 6136
68 59 6538
69 59 7181
70 59 8552
71 59 11205
72 59 9070
73 59 2406
74 59 102
75 59 0
76 59 0
77 59 0
78 59 0
79 59 0
0 60 0
1 60 0
2 60 0
3 60 0
4 60 0
5 60 3
6 60 13
7 60 4
8 60 1
9 60 1
10 60 2
11 60 22
12 60 53
13 60 204
14 60 776
15 60 2027
16 60 3887
17 60 5848
18 60 7519
19 60 8232
20 60 8209
21 60 7789
22 60 7013
23 60 6271
24 60 5488
25 60 4981
26 60 4582
27 60 4477
28 60 4717
29 60 5390
30 60 6302
31 60 6935
32 60 7075
33 60 6626
34 60 5630
35 60 5166
36 60 6310
37 60 7337
38 60 7877
39 60 6775
40 60 4590
41 60 2167
42 60 622
43 60 165
44 60 100
45 60 84
46 60 82
47 60 73
48 60 68
49 60 77
50 60 90
51 60 96
52 60 122
53 60 130
54 60 236
55 60 471
56 60 827
57 60 1405
58 60 2092
59 60 3309
60 60 4708
61 60 5754
62 60 6203
63 60 5856
64 60 4922
65 60 4067
66 60 3596
67 60 3549
68 60 4011
69 60 5336
70 60 7263
71 60 9930
72 60 14389
73 60 14580
74 60 5578
75 60 363
76 60 0
77 60 0
78 60 0
79 60 0
0 61 0
1 61 0
2 61 0
3 61 0
4 61 0
5 61 0
6 61 0
7 61 0
8 61 0
9 61 0
10 61 0
11 61 0
12 61 0
13 61 0
14 61 0
15 61 3
16 61 13
17 61 46
18 61 107
19 61 311
20 61 616
21 61 1191
22 61 1855
23 61 2649
24 61 3388
25 61 3935
26 61 4282
27 61 4546
28 61 4402
29 61 3957
30 61 3129
31 61 2261
32 61 1569
33 61 1102
34 61 843
35 61 853
36 61 1267
37 61 1813
38 61 3017
39 61 4937
40 61 7204
41 61 9329
42 61 10135
43 61 9271
44 61 7277
45 61 5053
46 61 3304
47 61 2276
48 61 1766
49 61 1623
50 61 1643
51 61 1750
52 61 2125
53 61 2760
54 61 3830
55 61 4946
56 61 5970
57 61 6874
58 61 7219
59 61 6891
60 61 5702
61 61 4259
62 61 2747
63 61 1594
64 61 921
65 61 553
66 61 387
67 61 381
68 61 379
69 61 563
70 61 990
71 61 2343
72 61 5273
73 61 11710
74 61 20157
75 61 15133
76 61 1180
77 61 0
78 61 0
79 61 0
0 62 0
1 62 0
2 62 0
3 62 0
4 62 0
5 62 0
6 62 0
7 62 0
8 62 0
9 62 0
10 62 0
11 62 0
12 62 0
13 62 0
14 62 0
15 62 0
16 62 0
17 62 0
18 62 0
19 62 0
20 62 0
21 62 0
22 62 0
23 62 0
24 62 0
25 62 0
26 62 0
27 62 0
28 62 0
29 62 2
30 62 0
31 62 2
32 62 2
33 62 12
34 62 44
35 62 199
36 62 1928
37 62 986
38 62 500
39 62 323
40 62 332
41 62 411
42 62 775
43 62 1923
44 62 3851
45 62 6195
46 62 7960
47 62 9144
48 62 9591
49 62 9759
50 62 9681
51 62 9532
52 62 9209
53 62 8536
54 62 7431
55 62 6278
56 62 4862
57 62 3516
58 62 2369
59 62 1348
60 62 760
61 62 416
62 62 266
63 62 174
64 62 111
65 62 68
66 62 60
67 62 38
68 62 18
69 62 14
70 62 14
71 62 29
72 62 100
73 62 460
74 62 2691
75 62 12511
76 62 15835
77 62 0
78 62 0
79 62 0
0 63 0
1 63 0
2 63 0
3 63 0
4 63 0
5 63 0
6 63 0
7 63 0
8 63 0
9 63 0
10 63 0
11 63 0
12 63 0
13 63 0
14 63 0
15 63 0
16 63 0
17 63 0
18 63 0
19 63 0
20 63 0
21 63 0
22 63 0
23 63 0
24 63 0
25 63 0
26 63 0
27 63 0
28 63 0
29 63 0
30 63 0
31 63 0
32 63 0
33 63 0
34 63 0
35 63 0
36 63 0
37 63 0
38 63 0
39 63 0
40 63 0
41 63 0
42 63 0
43 63 0
44 63 0
45 63 0
46 63 10
47 63 41
48 63 82
49 63 98
50 63 111
51 63 102
52 63 90
53 63 74
54 63 61
55 63 57
56 63 52
57 63 68
58 63 64
59 63 51
60 63 46
61 63 33
62 63 30
63 63 24
64 63 13
65 63 6
66 63 2
67 63 1
68 63 0
69 63 0
70 63 0
71 63 0
72 63 0
73 63 0
74 63 0
75 63 7
76 63 5
77 63 0
78 63 0
79 63 0
0 64 0
1 64 0
2 64 0
3 64 0
4 64 0
5 64 0
6 64 0
7 64 0
8 64 0
9 64 0
10 64 0
11 64 0
12 64 0
13 64 0
14 64 0
15 64 0
16 64 0
17 64 0
18 64 0
19 64 0
20 64 0
21 64 0
22 64 0
23 64 0
24 64 0
25 64 0
26 64 0
27 64 0
28 64 0
29 64 0
30 64 0
31 64 0
32 64 0
33 64 0
34 64 0
35 64 0
36 64 0
37 64 0
38 64 0
39 64 0
40 64 0
41 64 0
42 64 0
43 64 0
44 64 0
45 64 0
46 64 0
47 64 0
48 64 0
49 64 0
50 64 0
51 64 0
52 64 0
53 64 0
54 64 0
55 64 0
56 64 0
57 64 0
58 64 0
59 64 0
60 64 0
61 64 0
62 64 0
63 64 0
64 64 0
65 64 0
66 64 0
67 64 0
68 64 0
69 64 0
70 64 0
71 64 0
72 64 0
73 64 0
74 64 0
75 64 0
76 64 0
77 64 0
78 64 0
79 64 0
0 65 0
1 65 0
2 65 0
3 65 0
4 65 0
5 65 0
6 65 0
7 65 0
8 65 0
9 65 0
10 65 0
11 65 0
12 65 0
13 65 0
14 65 0
15 65 0
16 65 0
17 65 0
18 65 0
19 65 0
20 65 0
21 65 0
22 65 0
23 65 0
24 65 0
25 65 0
26 65 0
27 65 0
28 65 0
29 65 0
30 65 0
31 65 0
32 65 0
33 65 0
34 65 0
35 65 0
36 65 0
37 65 0
38 65 0
39 65 0
40 65 0
41 65 0
42 65 0
43 65 0
44 65 0
45 65 0
46 65 0
47 65 0
48 65 0
49 65 0
50 65 0
51 65 0
52 65 0
53 65 0
54 65 0
55 65 0
56 65 0
57 65 0
58 65 0
59 65 0
60 65 0
61 65 0
62 65 0
63 65 0
64 65 0
65 65 0
66 65 0
67 65 0
68 65 0
69 65 0
70 65 0
71 65 0
72 65 0
73 65 0
74 65 0
75 65 0
76 65 0
77 65 0
78 65 0
79 65 0
0 66 0
1 66 0
2 66 0
3 66 0
4 66 0
5 66 0
6 66 0
7 66 0
8 66 0
9 66 0
10 66 0
11 66 0
12 66 0
13 66 0
14 66 0
15 66 0
16 66 0
17 66 0
18 66 0
19 66 0
20 66 0
21 66 0
22 66 0
23 66 0
24 66 0
25 66 0
26 66 0
27 66 0
28 66 0
29 66 0
30 66 0
31 66 0
32 66 0
33 66 0
34 66 0
35 66 0
36 66 0
37 66 0
38 66 0
39 66 0
40 66 0
41 66 0
42 66 0
43 66 0
44 66 0
45 66 0
46 66 0
47 66 0
48 66 0
49 66 0
50 66 0
51 66 0
52 66 0
53 66 0
54 66 0
55 66 0
56 66 0
57 66 0
58 66 0
59 66 0
60 66 0
61 66 0
62 66 0
63 66 0
64 66 0
65 66 0
66 66 0
67 66 0
68 66 0
69 66 0
70 66 0
71 66 0
72 66 0
73 66 0
74 66 0
75 66 0
76 66 0
77 66 0
78 66 0
79 66 0
0 67 0
1 67 0
2 67 0
3 67 0
4 67 0
5 67 0
6 67 0
7 67 0
8 67 0
9 67 0
10 67 0
11 67 0
12 67 0
13 67 0
14 67 0
15 67 0
16 67 0
17 67 0
18 67 0
19 67 0
20 67 0
21 67 0
22 67 0
23 67 0
24 67 0
25 67 0
26 67 0
27 67 0
28 67 0
29 67 0
30 67 0
31 67 0
32 67 0
33 67 0
34 67 0
35 67 0
36 67 0
37 67 0
38 67 0
39 67 0
40 67 0
41 67 0
42 67 0
43 67 0
44 67 0
45 67 0
46 67 0
47 67 0
48 67 0
49 67 0
50 67 0
51 67 0
52 67 0
53 67 0
54 67 0
55 67 0
56 67 0
57 67 0
58 67 0
59 67 0
60 67 0
61 67 0
62 67 0
63 67 0
64 67 0
65 67 0
66 67 0
67 67 0
68 67 0
69 67 0
70 67 0
71 67 0
72 67 0
73 67 0
74 67 0
75 67 0
76 67 0
77 67 0
78 67 0
79 67 0
0 68 0
1 68 0
2 68 0
3 68 0
4 68 0
5 68 0
6 68 0
7 68 0
8 68 0
9 68 0
10 68 0
11 68 0
12 68 0
13 68 0
14 68 0
15 68 0
16 68 0
17 68 0
18 68 0
19 68 0
20 68 0
21 68 0
22 68 0
23 68 0
24 68 0
25 68 0
26 68 0
27 68 0
28 68 0
29 68 0
30 68 0
31 68 0
32 68 0
33 68 0
34 68 0
35 68 0
36 68 0
37 68 0
38 68 0
39 68 0
40 68 0
41 68 0
42 68 0
43 68 0
44 68 0
45 68 0
46 68 0
47 68 0
48 68 0
49 68 0
50 68 0
51 68 0
52 68 0
53 68 0
54 68 0
55 68 0
56 68 0
57 68 0
58 68 0
59 68 0
60 68 0
61 68 0
62 68 0
63 68 0
64 68 0
65 68 0
66 68 0
67 68 0
68 68 0
69 68 0
70 68 0
71 68 0
72 68 0
73 68 0
74 68 0
75 68 0
76 68 0
77 68 0
78 68 0
79 68 0
0 69 0
1 69 0
2 69 0
3 69 0
4 69 0
5 69 0
6 69 0
7 69 0
8 69 0
9 69 0
10 69 0
11 69 0
12 69 0
13 69 0
14 69 0
15 69 0
16 69 0
17 69 0
18 69 0
19 69 0
20 69 0
21 69 0
22 69 0
23 69 0
24 69 0
25 69 0
26 69 0
27 69 0
28 69 0
29 69 0
30 69 0
31 69 0
32 69 0
33 69 0
34 69 0
35 69 0
36 69 0
37 69 0
38 69 0
39 69 0
40 69 0
41 69 0
42 69 0
43 69 0
44 69 0
45 69 0
46 69 0
47 69 0
48 69 0
49 69 0
50 69 0
51 69 0
52 69 0
53 69 0
54 69 0
55 69 0
56 69 0
57 69 0
58 69 0
59 69 0
60 69 0
61 69 0
62 69 0
63 69 0
64 69 0
65 69 0
66 69 0
67 69 0
68 69 0
69 69 0
70 69 0
71 69 0
72 69 0
73 69 0
74 69 0
75 69 0
76 69 0
77 69 0
78 69 0
79 69 0
0 70 0
1 70 0
2 70 0
3 70 0
4 70 0
5 70 0
6 70 0
7 70 0
8 70 0
9 70 0
10 70 0
11 70 0
12 70 0
13 70 0
14 70 0
15 70 0
16 70 0
17 70 0
18 70 0
19 70 0
20 70 0
21 70 0
22 70 0
23 70 0
24 70 0
25 70 0
26 70 0
27 70 0
28 70 0
29 70 0
30 70 0
31 70 0
32 70 0
33 70 0
34 70 0
35 70 0
36 70 0
37 70 0
38 70 0
39 70 0
40 70 0
41 70 0
42 70 0
43 70 0
44 70 0
45 70 0
46 70 0
47 70 0
48 70 0
49 70 0
50 70 0
51 70 0
52 70 0
53 70 0
54 70 0
55 70 0
56 70 0
57 70 0
58 70 0
59 70 0
60 70 0
61 70 0
62 70 0
63 70 0
64 70 0
65 70 0
66 70 0
67 70 0
68 70 0
69 70 0
70 70 0
71 70 0
72 70 0
73 70 0
74 70 0
75 70 0
76 70 0
77 70 0
78 70 0
79 70 0
0 71 0
1 71 0
2 71 0
3 71 0
4 71 0
5 71 0
6 71 0
7 71 0
8 71 0
9 71 0
10 71 0
11 71 0
12 71 0
13 71 0
14 71 0
15 71 0
16 71 0
17 71 0
18 71 0
19 71 0
20 71 0
21 71 0
22 71 0
23 71 0
24 71 0
25 71 0
26 71 0
27 71 0
28 71 0
29 71 0
30 71 0
31 71 0
32 71 0
33 71 0
34 71 0
35 71 0
36 71 0
37 71 0
38 71 0
39 71 0
40 71 0
41 71 0
42 71 0
43 71 0
44 71 0
45 71 0
46 71 0
47 71 0
48 71 0
49 71 0
50 71 0
51 71 0
52 71 0
53 71 0
54 71 0
55 71 0
56 71 0
57 71 0
58 71 0
59 71 0
60 71 0
61 71 0
62 71 0
63 71 0
64 71 0
65 71 0
66 71 0
67 71 0
68 71 0
69 71 0
70 71 0
71 71 0
72 71 0
73 71 0
74 71 0
75 71 0
76 71 0
77 71 0
78 71 0
79 71 0
0 72 0
1 72 0
2 72 0
3 72 0
4 72 0
5 72 0
6 72 0
7 72 0
8 72 0
9 72 0
10 72 0
11 72 0
12 72 0
13 72 0
14 72 0
15 72 0
16 72 0
17 72 0
18 72 0
19 72 0
20 72 0
21 72 0
22 72 0
23 72 0
24 72 0
25 72 0
26 72 0
27 72 0
28 72 0
29 72 0
30 72 0
31 72 0
32 72 0
33 72 0
34 72 0
35 72 0
36 72 0
37 72 0
38 72 0
39 72 0
40 72 0
41 72 0
42 72 0
43 72 0
44 72 0
45 72 0
46 72 0
47 72 0
48 72 0
49 72 0
50 72 0
51 72 0
52 72 0
53 72 0
54 72 0
55 72 0
56 72 0
57 72 0
58 72 0
59 72 0
60 72 0
61 72 0
62 72 0
63 72 0
64 72 0
65 72 0
66 72 0
67 72 0
68 72 0
69 72 0
70 72 0
71 72 0
72 72 0
73 72 0
74 72 0
75 72 0
76 72 0
77 72 0
78 72 0
79 72 0
0 73 0
1 73 0
2 73 0
3 73 0
4 73 0
5 73 0
6 73 0
7 73 0
8 73 0
9 73 0
10 73 0
11 73 0
12 73 0
13 73 0
14 73 0
15 73 0
16 73 0
17 73 0
18 73 0
19 73 0
20 73 0
21 73 0
22 73 0
23 73 0
24 73 0
25 73 0
26 73 0
27 73 0
28 73 0
29 73 0
30 73 0
31 73 0
32 73 0
33 73 0
34 73 0
35 73 0
36 73 0
37 73 0
38 73 0
39 73 0
40 73 0
41 73 0
42 73 0
43 73 0
44 73 0
45 73 0
46 73 0
47 73 0
48 73 0
49 73 0
50 73 0
51 73 0
52 73 0
53 73 0
54 73 0
55 73 0
56 73 0
57 73 0
58 73 0
59 73 0
60 73 0
61 73 0
62 73 0
63 73 0
64 73 0
65 73 0
66 73 0
67 73 0
68 73 0
69 73 0
70 73 0
71 73 0
72 73 0
73 73 0
74 73 0
75 73 0
76 73 0
77 73 0
78 73 0
79 73 0
0 74 0
1 74 0
2 74 0
3 74 0
4 74 0
5 74 0
6 74 0
7 74 0
8 74 0
9 74 0
10 74 0
11 74 0
12 74 0
13 74 0
14 74 0
15 74 0
16 74 0
17 74 0
18 74 0
19 74 0
20 74 0
21 74 0
22 74 0
23 74 0
24 74 0
25 74 0
26 74 0
27 74 0
28 74 0
29 74 0
30 74 0
31 74 0
32 74 0
33 74 0
34 74 0
35 74 0
36 74 0
37 74 0
38 74 0
39 74 0
40 74 0
41 74 0
42 74 0
43 74 0
44 74 0
45 74 0
46 74 0
47 74 0
48 74 0
49 74 0
50 74 0
51 74 0
52 74 0
53 74 0
54 74 0
55 74 0
56 74 0
57 74 0
58 74 0
59 74 0
60 74 0
61 74 0
62 74 0
63 74 0
64 74 0
65 74 0
66 74 0
67 74 0
68 74 0
69 74 0
70 74 0
71 74 0
72 74 0
73 74 0
74 74 0
75 74 0
76 74 0
77 74 0
78 74 0
79 74 0
0 75 0
1 75 0
2 75 0
3 75 0
4 75 0
5 75 0
6 75 0
7 75 0
8 75 0
9 75 0
10 75 0
11 75 0
12 75 0
13 75 0
14 75 0
15 75 0
16 75 0
17 75 0
18 75 0
19 75 0
20 75 0
21 75 0
22 75 0
23 75 0
24 75 0
25 75 0
26 75 0
27 75 0
28 75 0
29 75 0
30 75 0
31 75 0
32 75 0
33 75 0
34 75 0
35 75 0
36 75 0
37 75 0
38 75 0
39 75 0
40 75 0
41 75 0
42 75 0
43 75 0
44 75 0
45 75 0
46 75 0
47 75 0
48 75 0
49 75 0
50 75 0
51 75 0
52 75 0
53 75 0
54 75 0
55 75 0
56 75 0
57 75 0
58 75 0
59 75 0
60 75 0
61 75 0
62 75 0
63 75 0
64 75 0
65 75 0
66 75 0
67 75 0
68 75 0
69 75 0
70 75 0
71 75 0
72 75 0
73 75 0
74 75 0
75 75 0
76 75 0
77 75 0
78 75 0
79 75 0
0 76 0
1 76 0
2 76 0
3 76 0
4 76 0
5 76 0
6 76 0
7 76 0
8 76 0
9 76 0
10 76 0
11 76 0
12 76 0
13 76 0
14 76 0
15 76 0
16 76 0
17 76 0
18 76 0
19 76 0
20 76 0
21 76 0
22 76 0
23 76 0
24 76 0
25 76 0
26 76 0
27 76 0
28 76 0
29 76 0
30 76 0
31 76 0
32 76 0
33 76 0
34 76 0
35 76 0
36 76 0
37 76 0
38 76 0
39 76 0
40 76 0
41 76 0
42 76 0
43 76 0
44 76 0
45 76 0
46 76 0
47 76 0
48 76 0
49 76 0
50 76 0
51 76 0
52 76 0
53 76 0
54 76 0
55 76 0
56 76 0
57 76 0
58 76 0
59 76 0
60 76 0
61 76 0
62 76 0
63 76 0
64 76 0
65 76 0
66 76 0
67 76 0
68 76 0
69 76 0
70 76 0
71 76 0
72 76 0
73 76 0
74 76 0
75 76 0
76 76 0
77 76 0
78 76 0
79 76 0
0 77 0
1 77 0
2 77 0
3 77 0
4 77 0
5 77 0
6 77 0
7 77 0
8 77 0
9 77 0
10 77 0
11 77 0
12 77 0
13 77 0
14 77 0
15 77 0
16 77 0
17 77 0
18 77 0
19 77 0
20 77 0
21 77 0
22 77 0
23 77 0
24 77 0
25 77 0
26 77 0
27 77 0
28 77 0
29 77 0
30 77 0
31 77 0
32 77 0
33 77 0
34 77 0
35 77 0
36 77 0
37 77 0
38 77 0
39 77 0
40 77 0
41 77 0
42 77 0
43 77 0
44 77 0
45 77 0
46 77 0
47 77 0
48 77 0
49 77 0
50 77 0
51 77 0
52 77 0
53 77 0
54 77 0
55 77 0
56 77 0
57 77 0
58 77 0
59 77 0
60 77 0
61 77 0
62 77 0
63 77 0
64 77 0
65 77 0
66 77 0
67 77 0
68 77 0
69 77 0
70 77 0
71 77 0
72 77 0
73 77 0
74 77 0
75 77 0
76 77 0
77 77 0
78 77 0
79 77 0
0 78 0
1 78 0
2 78 0
3 78 0
4 78 0
5 78 0
6 78 0
7 78 0
8 78 0
9 78 0
10 78 0
11 78 0
12 78 0
13 78 0
14 78 0
15 78 0
16 78 0
17 78 0
18 78 0
19 78 0
20 78 0
21 78 0
22 78 0
23 78 0
24 78 0
25 78 0
26 78 0
27 78 0
28 78 0
29 78 0
30 78 0
31 78 0
32 78 0
33 78 0
34 78 0
35 78 0
36 78 0
37 78 0
38 78 0
39 78 0
40 78 0
41 78 0
42 78 0
43 78 0
44 78 0
45 78 0
46 78 0
47 78 0
48 78 0
49 78 0
50 78 0
51 78 0
52 78 0
53 78 0
54 78 0
55 78 0
56 78 0
57 78 0
58 78 0
59 78 0
60 78 0
61 78 0
62 78 0
63 78 0
64 78 0
65 78 0
66 78 0
67 78 0
68 78 0
69 78 0
70 78 0
71 78 0
72 78 0
73 78 0
74 78 0
75 78 0
76 78 0
77 78 0
78 78 0
79 78 0
0 79 0
1 79 0
2 79 0
3 79 0
4 79 0
5 79 0
6 79 0
7 79 0
8 79 0
9 79 0
10 79 0
11 79 0
12 79 0
13 79 0
14 79 0
15 79 0
16 79 0
17 79 0
18 79 0
19 79 0
20 79 0
21 79 0
22 79 0
23 79 0
24 79 0
25 79 0
26 79 0
27 79 0
28 79 0
29 79 0
30 79 0
31 79 0
32 79 0
33 79 0
34 79 0
35 79 0
36 79 0
37 79 0
38 79 0
39 79 0
40 79 0
41 79 0
42 79 0
43 79 0
44 79 0
45 79 0
46 79 0
47 79 0
48 79 0
49 79 0
50 79 0
51 79 0
52 79 0
53 79 0
54 79 0
55 79 0
56 79 0
57 79 0
58 79 0
59 79 0
60 79 0
61 79 0
62 79 0
63 79 0
64 79 0
65 79 0
66 79 0
67 79 0
68 79 0
69 79 0
70 79 0
71 79 0
72 79 0
73 79 0
74 79 0
75 79 0
76 79 0
77 79 0
78 79 0
79 79 0
